  0.179900005    
  0.179900005    
  0.179900005    
  0.179900005    
  0.179900005    
  0.179900005    
  0.179900005    
  0.179900005    
  0.179900005    
  0.179900005    
  0.179900005    
  0.179900005    
  0.179900005    
  0.179900005    
  0.179900005    
  0.179900005    
  0.179900005    
  0.179900005    
  0.179900005    
  0.179900005    
  0.179890007    
  0.179810002    
  0.179680005    
  0.179470003    
  0.179210007    
  0.178890005    
  0.178499997    
  0.178039998    
  0.177530006    
  0.176949993    
  0.176310003    
  0.175600007    
  0.174830005    
  0.173989996    
  0.173089996    
  0.172120005    
  0.171090007    
  0.169980004    
  0.168819994    
  0.167579994    
  0.166270003    
  0.164930001    
  0.163589999    
  0.162259996    
  0.160919994    
  0.159580007    
  0.158240005    
  0.156900004    
  0.155560002    
  0.154220000    
  0.152879998    
  0.151539996    
  0.150199994    
  0.148859993    
  0.147520006    
  0.146180004    
  0.144840002    
  0.143500000    
  0.142159998    
  0.140819997    
  0.139479995    
  0.138139993    
  0.136800006    
  0.135460004    
  0.134120002    
  0.132780001    
  0.131439999    
  0.130099997    
  0.128759995    
  0.127419993    
  0.126080006    
  0.124739997    
  0.123400003    
  0.122060001    
  0.120719999    
  0.119379997    
  0.118040003    
  0.116700001    
  0.115359999    
  0.114019997    
  0.112700000    
  0.111450002    
  0.110260002    
  0.109140001    
  0.108080000    
  0.107089996    
  0.106169999    
  0.105319999    
  0.104529999    
  0.103799999    
  0.103139997    
  0.102540001    
  0.102009997    
  0.101530001    
  0.101130001    
  0.100780003    
  0.100500003    
  0.100280002    
  0.100129999    
  0.100029998    
  0.100000001    
  0.100029998    
  0.100129999    
  0.100280002    
  0.100500003    
  0.100780003    
  0.101130001    
  0.101530001    
  0.102009997    
  0.102540001    
  0.103139997    
  0.103799999    
  0.104500003    
  0.105200000    
  0.105910003    
  0.106610000    
  0.107309997    
  0.108010001    
  0.108719997    
  0.109420002    
  0.110119998    
  0.110830002    
  0.111529998    
  0.112230003    
  0.112930000    
  0.113640003    
  0.114340000    
  0.115039997    
  0.115740001    
  0.116449997    
  0.117150001    
  0.117849998    
  0.118560001    
  0.119259998    
  0.119960003    
  0.120660000    
  0.121370003    
  0.122070000    
  0.122769997    
  0.123470001    
  0.124179997    
  0.124880001    
  0.125579998    
  0.126289994    
  0.126990005    
  0.127690002    
  0.128389999    
  0.129099995    
  0.129800007    
  0.130500004    
  0.131200001    
  0.131909996    
  0.132609993    
  0.133310005    
  0.134020001    
  0.134719998    
  0.135419995    
  0.136120006    
  0.136830002    
  0.137529999    
  0.138229996    
  0.138899997    
  0.139510006    
  0.140049994    
  0.140530005    
  0.140949994    
  0.141299993    
  0.141589999    
  0.141819999    
  0.141980007    
  0.142079994    
  0.142120004    
  0.142120004    
  0.142120004    
  0.142120004    
  0.142120004    
  0.142120004    
  0.142120004    
  0.142120004    
  0.142120004    
  0.142120004    
  0.142120004    
  0.142120004    
  0.142120004    
  0.142120004    
  0.142120004    
  0.142120004    
  0.142120004    
  0.142120004    
  0.142120004    
  0.142120004    
  0.142120004    
  0.142120004    
  0.142120004    
  0.142120004    
  0.142120004    
  0.142120004    
  0.142120004    
  0.142120004    
  0.142120004    
  0.142120004    
