   1.00000000      0.998791516    
   2.00000000      0.998791635    
   3.00000000      0.998790801    
   4.00000000      0.998789847    
   5.00000000      0.998789549    
   6.00000000      0.998789668    
   7.00000000      0.998789191    
   8.00000000      0.998789191    
   9.00000000      0.998788953    
   10.0000000      0.998788953    
   11.0000000      0.998789072    
   12.0000000      0.998789072    
   13.0000000      0.998789072    
   14.0000000      0.998789668    
   15.0000000      0.998789847    
   16.0000000      0.998790443    
   17.0000000      0.998790443    
   18.0000000      0.998790681    
   19.0000000      0.998791039    
   20.0000000      0.998790920    
   21.0000000      0.998791397    
   22.0000000      0.998791575    
   23.0000000      0.998791695    
   24.0000000      0.998791695    
   25.0000000      0.998792052    
   26.0000000      0.998792171    
   27.0000000      0.998792291    
   28.0000000      0.998793006    
   29.0000000      0.998793006    
   30.0000000      0.998793006    
   31.0000000      0.998793244    
   32.0000000      0.998793125    
   33.0000000      0.998793244    
   34.0000000      0.998793662    
   35.0000000      0.998793662    
   36.0000000      0.998793781    
   37.0000000      0.998793423    
   38.0000000      0.998793364    
   39.0000000      0.998793364    
   40.0000000      0.998793364    
   41.0000000      0.998793542    
   42.0000000      0.998793423    
   43.0000000      0.998793900    
   44.0000000      0.998794019    
   45.0000000      0.998794258    
   46.0000000      0.998794377    
   47.0000000      0.998794615    
   48.0000000      0.998794615    
   49.0000000      0.998794734    
   50.0000000      0.998794854    
   51.0000000      0.998794854    
   52.0000000      0.998794734    
   53.0000000      0.998794854    
   54.0000000      0.998794854    
   55.0000000      0.998794973    
   56.0000000      0.998794854    
   57.0000000      0.998794973    
   58.0000000      0.998794854    
   59.0000000      0.998794854    
   60.0000000      0.998794734    
   61.0000000      0.998794973    
   62.0000000      0.998794734    
   63.0000000      0.998794496    
   64.0000000      0.998794496    
   65.0000000      0.998794496    
   66.0000000      0.998794496    
   67.0000000      0.998794615    
   68.0000000      0.998794615    
   69.0000000      0.998794615    
   70.0000000      0.998794734    
   71.0000000      0.998794734    
   72.0000000      0.998794615    
   73.0000000      0.998794734    
   74.0000000      0.998794734    
   75.0000000      0.998794496    
   76.0000000      0.998794377    
   77.0000000      0.998794377    
   78.0000000      0.998794377    
   79.0000000      0.998794615    
   80.0000000      0.998794615    
   81.0000000      0.998794615    
   82.0000000      0.998794854    
   83.0000000      0.998794734    
   84.0000000      0.998794496    
   85.0000000      0.998794496    
   86.0000000      0.998794377    
   87.0000000      0.998794377    
   88.0000000      0.998794258    
   89.0000000      0.998794258    
   90.0000000      0.998794019    
   91.0000000      0.998794138    
   92.0000000      0.998794019    
   93.0000000      0.998793900    
   94.0000000      0.998793781    
   95.0000000      0.998794019    
   96.0000000      0.998793900    
   97.0000000      0.998793781    
   98.0000000      0.998794019    
   99.0000000      0.998793900    
   100.000000      0.998793781    
   101.000000      0.998793662    
   102.000000      0.998793542    
   103.000000      0.998793542    
   104.000000      0.998793304    
   105.000000      0.998793423    
   106.000000      0.998793423    
   107.000000      0.998793423    
   108.000000      0.998793542    
   109.000000      0.998793423    
   110.000000      0.998793423    
   111.000000      0.998793304    
   112.000000      0.998793125    
   113.000000      0.998793244    
   114.000000      0.998793244    
   115.000000      0.998793244    
   116.000000      0.998793244    
   117.000000      0.998793304    
   118.000000      0.998793423    
   119.000000      0.998793244    
   120.000000      0.998793244    
   121.000000      0.998793244    
   122.000000      0.998793244    
   123.000000      0.998793244    
   124.000000      0.998793244    
   125.000000      0.998793423    
   126.000000      0.998793304    
   127.000000      0.998793125    
   128.000000      0.998793125    
   129.000000      0.998793006    
   130.000000      0.998793125    
   131.000000      0.998793304    
   132.000000      0.998793423    
   133.000000      0.998793423    
   134.000000      0.998793304    
   135.000000      0.998793304    
   136.000000      0.998793662    
   137.000000      0.998793662    
   138.000000      0.998793900    
   139.000000      0.998793781    
   140.000000      0.998793662    
   141.000000      0.998793423    
   142.000000      0.998793542    
   143.000000      0.998793542    
   144.000000      0.998793542    
   145.000000      0.998793423    
   146.000000      0.998793423    
   147.000000      0.998793304    
   148.000000      0.998793304    
   149.000000      0.998793542    
   150.000000      0.998793423    
   151.000000      0.998793542    
   152.000000      0.998793662    
   153.000000      0.998793542    
   154.000000      0.998793423    
   155.000000      0.998793542    
   156.000000      0.998793423    
   157.000000      0.998793423    
   158.000000      0.998793423    
   159.000000      0.998793423    
   160.000000      0.998793542    
   161.000000      0.998793662    
   162.000000      0.998793662    
   163.000000      0.998793423    
   164.000000      0.998793781    
   165.000000      0.998793781    
   166.000000      0.998793900    
   167.000000      0.998794019    
   168.000000      0.998794019    
   169.000000      0.998794138    
   170.000000      0.998794019    
   171.000000      0.998794138    
   172.000000      0.998793900    
   173.000000      0.998793781    
   174.000000      0.998793662    
   175.000000      0.998793900    
   176.000000      0.998793900    
   177.000000      0.998793900    
   178.000000      0.998794019    
   179.000000      0.998793900    
   180.000000      0.998793781    
   181.000000      0.998793781    
   182.000000      0.998794019    
   183.000000      0.998793900    
   184.000000      0.998793900    
   185.000000      0.998794138    
   186.000000      0.998794019    
   187.000000      0.998794019    
   188.000000      0.998794138    
   189.000000      0.998794019    
   190.000000      0.998794138    
   191.000000      0.998794377    
   192.000000      0.998794377    
   193.000000      0.998794258    
   194.000000      0.998794138    
   195.000000      0.998794138    
   196.000000      0.998794258    
   197.000000      0.998794258    
   198.000000      0.998794377    
   199.000000      0.998794258    
   200.000000      0.998794138    
   201.000000      0.998794258    
   202.000000      0.998794258    
   203.000000      0.998794258    
   204.000000      0.998794258    
   205.000000      0.998794019    
   206.000000      0.998793900    
   207.000000      0.998793900    
   208.000000      0.998793781    
   209.000000      0.998793781    
   210.000000      0.998793662    
   211.000000      0.998793542    
   212.000000      0.998793662    
   213.000000      0.998793900    
   214.000000      0.998793900    
   215.000000      0.998793781    
   216.000000      0.998793542    
   217.000000      0.998793542    
   218.000000      0.998793423    
   219.000000      0.998793542    
   220.000000      0.998793542    
   221.000000      0.998793304    
   222.000000      0.998793423    
   223.000000      0.998793304    
   224.000000      0.998793423    
   225.000000      0.998793423    
   226.000000      0.998793423    
   227.000000      0.998793542    
   228.000000      0.998793423    
   229.000000      0.998793423    
   230.000000      0.998793423    
   231.000000      0.998793185    
   232.000000      0.998793185    
   233.000000      0.998793185    
   234.000000      0.998793304    
   235.000000      0.998793185    
   236.000000      0.998793066    
   237.000000      0.998792887    
   238.000000      0.998792887    
   239.000000      0.998792768    
   240.000000      0.998792768    
   241.000000      0.998792887    
   242.000000      0.998792887    
   243.000000      0.998792887    
   244.000000      0.998792768    
   245.000000      0.998792529    
   246.000000      0.998792410    
   247.000000      0.998792529    
   248.000000      0.998792410    
   249.000000      0.998792410    
   250.000000      0.998792410    
   251.000000      0.998792291    
   252.000000      0.998792291    
   253.000000      0.998792291    
   254.000000      0.998792171    
   255.000000      0.998792291    
   256.000000      0.998792410    
   257.000000      0.998792291    
   258.000000      0.998792529    
   259.000000      0.998792410    
   260.000000      0.998792410    
   261.000000      0.998792291    
   262.000000      0.998792529    
   263.000000      0.998792529    
   264.000000      0.998792768    
   265.000000      0.998792648    
   266.000000      0.998792648    
   267.000000      0.998792529    
   268.000000      0.998792410    
   269.000000      0.998792410    
   270.000000      0.998792291    
   271.000000      0.998792291    
   272.000000      0.998792291    
   273.000000      0.998792052    
   274.000000      0.998792052    
   275.000000      0.998792052    
   276.000000      0.998792171    
   277.000000      0.998792052    
   278.000000      0.998792052    
   279.000000      0.998792052    
   280.000000      0.998792171    
   281.000000      0.998792052    
   282.000000      0.998792052    
   283.000000      0.998792052    
   284.000000      0.998791933    
   285.000000      0.998791814    
   286.000000      0.998791695    
   287.000000      0.998791933    
   288.000000      0.998791933    
   289.000000      0.998792052    
   290.000000      0.998792052    
   291.000000      0.998791933    
   292.000000      0.998791933    
   293.000000      0.998792052    
   294.000000      0.998792052    
   295.000000      0.998791933    
   296.000000      0.998792052    
   297.000000      0.998792052    
   298.000000      0.998792052    
   299.000000      0.998792171    
   300.000000      0.998792052    
   301.000000      0.998792052    
   302.000000      0.998792052    
   303.000000      0.998792171    
   304.000000      0.998792171    
   305.000000      0.998792052    
   306.000000      0.998792052    
   307.000000      0.998792171    
   308.000000      0.998791814    
   309.000000      0.998791933    
   310.000000      0.998792052    
   311.000000      0.998792052    
   312.000000      0.998792052    
   313.000000      0.998792171    
   314.000000      0.998792052    
   315.000000      0.998792052    
   316.000000      0.998792052    
   317.000000      0.998792291    
   318.000000      0.998792291    
   319.000000      0.998792291    
   320.000000      0.998792529    
   321.000000      0.998792291    
   322.000000      0.998792291    
   323.000000      0.998792171    
   324.000000      0.998792052    
   325.000000      0.998792171    
   326.000000      0.998792291    
   327.000000      0.998792291    
   328.000000      0.998792171    
   329.000000      0.998792052    
   330.000000      0.998792171    
   331.000000      0.998792171    
   332.000000      0.998792171    
   333.000000      0.998792171    
   334.000000      0.998792052    
   335.000000      0.998792052    
   336.000000      0.998792052    
   337.000000      0.998792052    
   338.000000      0.998792052    
   339.000000      0.998792052    
   340.000000      0.998792171    
   341.000000      0.998792052    
   342.000000      0.998792052    
   343.000000      0.998791933    
   344.000000      0.998792052    
   345.000000      0.998792052    
   346.000000      0.998792052    
   347.000000      0.998792052    
   348.000000      0.998792052    
   349.000000      0.998792171    
   350.000000      0.998792052    
   351.000000      0.998792052    
   352.000000      0.998792171    
   353.000000      0.998792171    
   354.000000      0.998792171    
   355.000000      0.998792052    
   356.000000      0.998792171    
   357.000000      0.998792171    
   358.000000      0.998792171    
   359.000000      0.998792171    
   360.000000      0.998792291    
   361.000000      0.998792291    
   362.000000      0.998792410    
   363.000000      0.998792410    
   364.000000      0.998792529    
   365.000000      0.998792410    
   366.000000      0.998792648    
   367.000000      0.998792768    
   368.000000      0.998792768    
   369.000000      0.998792648    
   370.000000      0.998792648    
   371.000000      0.998792768    
   372.000000      0.998792887    
   373.000000      0.998792768    
   374.000000      0.998792648    
   375.000000      0.998792768    
   376.000000      0.998792946    
   377.000000      0.998793066    
   378.000000      0.998792946    
   379.000000      0.998793066    
   380.000000      0.998792946    
   381.000000      0.998793185    
   382.000000      0.998793304    
   383.000000      0.998793185    
   384.000000      0.998793066    
   385.000000      0.998793185    
   386.000000      0.998793185    
   387.000000      0.998793185    
   388.000000      0.998793185    
   389.000000      0.998793066    
   390.000000      0.998793185    
   391.000000      0.998793304    
   392.000000      0.998793304    
   393.000000      0.998793304    
   394.000000      0.998793423    
   395.000000      0.998793304    
   396.000000      0.998793185    
   397.000000      0.998793185    
   398.000000      0.998793185    
   399.000000      0.998793185    
   400.000000      0.998793185    
   401.000000      0.998793185    
   402.000000      0.998793185    
   403.000000      0.998793304    
   404.000000      0.998793423    
   405.000000      0.998793423    
   406.000000      0.998793542    
   407.000000      0.998793542    
   408.000000      0.998793542    
   409.000000      0.998793542    
   410.000000      0.998793662    
   411.000000      0.998793542    
   412.000000      0.998793662    
   413.000000      0.998793662    
   414.000000      0.998793662    
   415.000000      0.998793662    
   416.000000      0.998793542    
   417.000000      0.998793662    
   418.000000      0.998793781    
   419.000000      0.998793662    
   420.000000      0.998793542    
   421.000000      0.998793662    
   422.000000      0.998793662    
   423.000000      0.998793542    
   424.000000      0.998793662    
   425.000000      0.998793662    
   426.000000      0.998793662    
   427.000000      0.998793662    
   428.000000      0.998793662    
   429.000000      0.998793662    
   430.000000      0.998793662    
   431.000000      0.998793781    
   432.000000      0.998793542    
   433.000000      0.998793423    
   434.000000      0.998793542    
   435.000000      0.998793542    
   436.000000      0.998793423    
   437.000000      0.998793542    
   438.000000      0.998793423    
   439.000000      0.998793304    
   440.000000      0.998793185    
   441.000000      0.998793304    
   442.000000      0.998793423    
   443.000000      0.998793423    
   444.000000      0.998793185    
   445.000000      0.998793304    
   446.000000      0.998793304    
   447.000000      0.998793304    
   448.000000      0.998793304    
   449.000000      0.998793304    
   450.000000      0.998793304    
   451.000000      0.998793066    
   452.000000      0.998793066    
   453.000000      0.998793185    
   454.000000      0.998793066    
   455.000000      0.998793066    
   456.000000      0.998793066    
   457.000000      0.998793066    
   458.000000      0.998792946    
   459.000000      0.998792827    
   460.000000      0.998792946    
   461.000000      0.998792946    
   462.000000      0.998792946    
   463.000000      0.998793066    
   464.000000      0.998792946    
   465.000000      0.998792946    
   466.000000      0.998792946    
   467.000000      0.998792827    
   468.000000      0.998792946    
   469.000000      0.998792946    
   470.000000      0.998792946    
   471.000000      0.998792827    
   472.000000      0.998792946    
   473.000000      0.998792708    
   474.000000      0.998792827    
   475.000000      0.998792648    
   476.000000      0.998792648    
   477.000000      0.998792708    
   478.000000      0.998792708    
   479.000000      0.998792648    
   480.000000      0.998792648    
   481.000000      0.998792708    
   482.000000      0.998792708    
   483.000000      0.998792708    
   484.000000      0.998792529    
   485.000000      0.998792529    
   486.000000      0.998792529    
   487.000000      0.998792529    
   488.000000      0.998792648    
   489.000000      0.998792529    
   490.000000      0.998792648    
   491.000000      0.998792648    
   492.000000      0.998792827    
   493.000000      0.998792708    
   494.000000      0.998792708    
   495.000000      0.998792708    
   496.000000      0.998792827    
   497.000000      0.998792827    
   498.000000      0.998792827    
   499.000000      0.998792827    
   500.000000      0.998792827    
   501.000000      0.998792946    
   502.000000      0.998792827    
   503.000000      0.998792708    
   504.000000      0.998792708    
   505.000000      0.998792827    
   506.000000      0.998792708    
   507.000000      0.998792708    
   508.000000      0.998792827    
   509.000000      0.998792827    
   510.000000      0.998792946    
   511.000000      0.998792946    
   512.000000      0.998792946    
   513.000000      0.998792946    
   514.000000      0.998792946    
   515.000000      0.998792827    
   516.000000      0.998793185    
   517.000000      0.998792946    
   518.000000      0.998793185    
   519.000000      0.998793066    
   520.000000      0.998793185    
   521.000000      0.998793066    
   522.000000      0.998793185    
   523.000000      0.998793185    
   524.000000      0.998793185    
   525.000000      0.998793185    
   526.000000      0.998793066    
   527.000000      0.998793066    
   528.000000      0.998793066    
   529.000000      0.998793066    
   530.000000      0.998793066    
   531.000000      0.998792946    
   532.000000      0.998792946    
   533.000000      0.998793066    
   534.000000      0.998793066    
   535.000000      0.998793185    
   536.000000      0.998793304    
   537.000000      0.998793185    
   538.000000      0.998793185    
   539.000000      0.998793304    
   540.000000      0.998793066    
   541.000000      0.998793185    
   542.000000      0.998793185    
   543.000000      0.998792946    
   544.000000      0.998793066    
   545.000000      0.998793066    
   546.000000      0.998793066    
   547.000000      0.998793066    
   548.000000      0.998792946    
   549.000000      0.998792946    
   550.000000      0.998792946    
   551.000000      0.998792827    
   552.000000      0.998792827    
   553.000000      0.998792708    
   554.000000      0.998792827    
   555.000000      0.998792589    
   556.000000      0.998792589    
   557.000000      0.998792529    
   558.000000      0.998792529    
   559.000000      0.998792589    
   560.000000      0.998792708    
   561.000000      0.998792708    
   562.000000      0.998792708    
   563.000000      0.998792827    
   564.000000      0.998792946    
   565.000000      0.998792827    
   566.000000      0.998792708    
   567.000000      0.998792589    
   568.000000      0.998792589    
   569.000000      0.998792589    
   570.000000      0.998792589    
   571.000000      0.998792589    
   572.000000      0.998792529    
   573.000000      0.998792529    
   574.000000      0.998792529    
   575.000000      0.998792529    
   576.000000      0.998792529    
   577.000000      0.998792291    
   578.000000      0.998792291    
   579.000000      0.998792410    
   580.000000      0.998792410    
   581.000000      0.998792410    
   582.000000      0.998792410    
   583.000000      0.998792410    
   584.000000      0.998792410    
   585.000000      0.998792410    
   586.000000      0.998792410    
   587.000000      0.998792291    
   588.000000      0.998792291    
   589.000000      0.998792291    
   590.000000      0.998792291    
   591.000000      0.998792410    
   592.000000      0.998792410    
   593.000000      0.998792171    
   594.000000      0.998792291    
   595.000000      0.998792291    
   596.000000      0.998792291    
   597.000000      0.998792291    
   598.000000      0.998792529    
   599.000000      0.998792529    
   600.000000      0.998792470    
   601.000000      0.998792470    
   602.000000      0.998792410    
   603.000000      0.998792291    
   604.000000      0.998792410    
   605.000000      0.998792410    
   606.000000      0.998792410    
   607.000000      0.998792410    
   608.000000      0.998792410    
   609.000000      0.998792291    
   610.000000      0.998792171    
   611.000000      0.998792291    
   612.000000      0.998792291    
   613.000000      0.998792171    
   614.000000      0.998792171    
   615.000000      0.998792052    
   616.000000      0.998792171    
   617.000000      0.998792291    
   618.000000      0.998792410    
   619.000000      0.998792291    
   620.000000      0.998792291    
   621.000000      0.998792410    
   622.000000      0.998792470    
   623.000000      0.998792410    
   624.000000      0.998792410    
   625.000000      0.998792291    
   626.000000      0.998792291    
   627.000000      0.998792410    
   628.000000      0.998792410    
   629.000000      0.998792410    
   630.000000      0.998792410    
   631.000000      0.998792410    
   632.000000      0.998792291    
   633.000000      0.998792291    
   634.000000      0.998792291    
   635.000000      0.998792291    
   636.000000      0.998792291    
   637.000000      0.998792171    
   638.000000      0.998792171    
   639.000000      0.998792171    
   640.000000      0.998792171    
   641.000000      0.998792171    
   642.000000      0.998792052    
   643.000000      0.998792171    
   644.000000      0.998792171    
   645.000000      0.998792171    
   646.000000      0.998792171    
   647.000000      0.998792052    
   648.000000      0.998792171    
   649.000000      0.998792171    
   650.000000      0.998792052    
   651.000000      0.998792052    
   652.000000      0.998792171    
   653.000000      0.998792171    
   654.000000      0.998792291    
   655.000000      0.998792291    
   656.000000      0.998792171    
   657.000000      0.998792171    
   658.000000      0.998792291    
   659.000000      0.998792291    
   660.000000      0.998792410    
   661.000000      0.998792410    
   662.000000      0.998792291    
   663.000000      0.998792291    
   664.000000      0.998792291    
   665.000000      0.998792291    
   666.000000      0.998792410    
   667.000000      0.998792410    
   668.000000      0.998792291    
   669.000000      0.998792410    
   670.000000      0.998792291    
   671.000000      0.998792291    
   672.000000      0.998792171    
   673.000000      0.998792171    
   674.000000      0.998792171    
   675.000000      0.998792291    
   676.000000      0.998792410    
   677.000000      0.998792052    
   678.000000      0.998792052    
   679.000000      0.998792171    
   680.000000      0.998792171    
   681.000000      0.998792171    
   682.000000      0.998792171    
   683.000000      0.998792171    
   684.000000      0.998792171    
   685.000000      0.998792052    
   686.000000      0.998792052    
   687.000000      0.998792052    
   688.000000      0.998791933    
   689.000000      0.998792052    
   690.000000      0.998792052    
   691.000000      0.998792052    
   692.000000      0.998791814    
   693.000000      0.998792052    
   694.000000      0.998792052    
   695.000000      0.998792052    
   696.000000      0.998791933    
   697.000000      0.998791933    
   698.000000      0.998791933    
   699.000000      0.998791933    
   700.000000      0.998792052    
   701.000000      0.998792052    
   702.000000      0.998792052    
   703.000000      0.998791814    
   704.000000      0.998791933    
   705.000000      0.998791933    
   706.000000      0.998791933    
   707.000000      0.998791814    
   708.000000      0.998791814    
   709.000000      0.998791814    
   710.000000      0.998791814    
   711.000000      0.998791933    
   712.000000      0.998791933    
   713.000000      0.998791933    
   714.000000      0.998791814    
   715.000000      0.998791933    
   716.000000      0.998792052    
   717.000000      0.998792052    
   718.000000      0.998792052    
   719.000000      0.998792052    
   720.000000      0.998791814    
   721.000000      0.998791933    
   722.000000      0.998791933    
   723.000000      0.998792052    
   724.000000      0.998791933    
   725.000000      0.998791933    
   726.000000      0.998791933    
   727.000000      0.998791814    
   728.000000      0.998791695    
   729.000000      0.998791695    
   730.000000      0.998791695    
   731.000000      0.998791575    
   732.000000      0.998791456    
   733.000000      0.998791456    
   734.000000      0.998791575    
   735.000000      0.998791575    
   736.000000      0.998791695    
   737.000000      0.998791456    
   738.000000      0.998791575    
   739.000000      0.998791575    
   740.000000      0.998791575    
   741.000000      0.998791695    
   742.000000      0.998791695    
   743.000000      0.998791814    
   744.000000      0.998791814    
   745.000000      0.998791814    
   746.000000      0.998791814    
   747.000000      0.998791814    
   748.000000      0.998791814    
   749.000000      0.998791814    
   750.000000      0.998791933    
   751.000000      0.998791933    
   752.000000      0.998792052    
   753.000000      0.998791933    
   754.000000      0.998792052    
   755.000000      0.998792171    
   756.000000      0.998792171    
   757.000000      0.998792171    
   758.000000      0.998792291    
   759.000000      0.998792291    
   760.000000      0.998792291    
   761.000000      0.998792171    
   762.000000      0.998792291    
   763.000000      0.998792171    
   764.000000      0.998792171    
   765.000000      0.998792171    
   766.000000      0.998792171    
   767.000000      0.998792171    
   768.000000      0.998792291    
   769.000000      0.998792171    
   770.000000      0.998792291    
   771.000000      0.998792291    
   772.000000      0.998792171    
   773.000000      0.998792350    
   774.000000      0.998792171    
   775.000000      0.998792350    
   776.000000      0.998792291    
   777.000000      0.998792291    
   778.000000      0.998792589    
   779.000000      0.998792589    
   780.000000      0.998792589    
   781.000000      0.998792589    
   782.000000      0.998792470    
   783.000000      0.998792589    
   784.000000      0.998792589    
   785.000000      0.998792589    
   786.000000      0.998792589    
   787.000000      0.998792589    
   788.000000      0.998792589    
   789.000000      0.998792589    
   790.000000      0.998792589    
   791.000000      0.998792470    
   792.000000      0.998792470    
   793.000000      0.998792589    
   794.000000      0.998792708    
   795.000000      0.998792708    
   796.000000      0.998792708    
   797.000000      0.998792946    
   798.000000      0.998792946    
   799.000000      0.998792946    
   800.000000      0.998792946    
   801.000000      0.998792946    
   802.000000      0.998793066    
   803.000000      0.998792946    
   804.000000      0.998792946    
   805.000000      0.998792946    
   806.000000      0.998792946    
   807.000000      0.998793066    
   808.000000      0.998793066    
   809.000000      0.998793185    
   810.000000      0.998793066    
   811.000000      0.998793185    
   812.000000      0.998793304    
   813.000000      0.998793304    
   814.000000      0.998793542    
   815.000000      0.998793423    
   816.000000      0.998793423    
   817.000000      0.998793423    
   818.000000      0.998793662    
   819.000000      0.998793662    
   820.000000      0.998793781    
   821.000000      0.998793781    
   822.000000      0.998793900    
   823.000000      0.998793900    
   824.000000      0.998794019    
   825.000000      0.998794079    
   826.000000      0.998794198    
   827.000000      0.998794198    
   828.000000      0.998794198    
   829.000000      0.998794317    
   830.000000      0.998794198    
   831.000000      0.998794317    
   832.000000      0.998794317    
   833.000000      0.998794436    
   834.000000      0.998794436    
   835.000000      0.998794317    
   836.000000      0.998794317    
   837.000000      0.998794317    
   838.000000      0.998794317    
   839.000000      0.998794436    
   840.000000      0.998794317    
   841.000000      0.998794436    
   842.000000      0.998794436    
   843.000000      0.998794556    
   844.000000      0.998794675    
   845.000000      0.998794556    
   846.000000      0.998794436    
   847.000000      0.998794436    
   848.000000      0.998794556    
   849.000000      0.998794436    
   850.000000      0.998794556    
   851.000000      0.998794556    
   852.000000      0.998794675    
   853.000000      0.998794675    
   854.000000      0.998794675    
   855.000000      0.998794675    
   856.000000      0.998794556    
   857.000000      0.998794794    
   858.000000      0.998794794    
   859.000000      0.998794913    
   860.000000      0.998794913    
   861.000000      0.998795033    
   862.000000      0.998795152    
   863.000000      0.998795152    
   864.000000      0.998795271    
   865.000000      0.998795271    
   866.000000      0.998795390    
   867.000000      0.998795271    
   868.000000      0.998795271    
   869.000000      0.998795271    
   870.000000      0.998795390    
   871.000000      0.998795271    
   872.000000      0.998795390    
   873.000000      0.998795390    
   874.000000      0.998795271    
   875.000000      0.998795271    
   876.000000      0.998795271    
   877.000000      0.998795271    
   878.000000      0.998795271    
   879.000000      0.998795271    
   880.000000      0.998795152    
   881.000000      0.998795152    
   882.000000      0.998795271    
   883.000000      0.998795271    
   884.000000      0.998795390    
   885.000000      0.998795390    
   886.000000      0.998795152    
   887.000000      0.998795152    
   888.000000      0.998795152    
   889.000000      0.998795271    
   890.000000      0.998795271    
   891.000000      0.998795152    
   892.000000      0.998795152    
   893.000000      0.998795033    
   894.000000      0.998795033    
   895.000000      0.998795152    
   896.000000      0.998795152    
   897.000000      0.998795271    
   898.000000      0.998795271    
   899.000000      0.998795271    
   900.000000      0.998795152    
   901.000000      0.998795152    
   902.000000      0.998795152    
   903.000000      0.998795152    
   904.000000      0.998795152    
   905.000000      0.998795152    
   906.000000      0.998795271    
   907.000000      0.998795271    
   908.000000      0.998795390    
   909.000000      0.998795271    
   910.000000      0.998795271    
   911.000000      0.998795390    
   912.000000      0.998795390    
   913.000000      0.998795390    
   914.000000      0.998795271    
   915.000000      0.998795271    
   916.000000      0.998795152    
   917.000000      0.998795271    
   918.000000      0.998795152    
   919.000000      0.998795152    
   920.000000      0.998795271    
   921.000000      0.998795271    
   922.000000      0.998795390    
   923.000000      0.998795390    
   924.000000      0.998795509    
   925.000000      0.998795509    
   926.000000      0.998795509    
   927.000000      0.998795509    
   928.000000      0.998795509    
   929.000000      0.998795390    
   930.000000      0.998795390    
   931.000000      0.998795390    
   932.000000      0.998795390    
   933.000000      0.998795390    
   934.000000      0.998795509    
   935.000000      0.998795509    
   936.000000      0.998795390    
   937.000000      0.998795390    
   938.000000      0.998795509    
   939.000000      0.998795390    
   940.000000      0.998795271    
   941.000000      0.998795390    
   942.000000      0.998795509    
   943.000000      0.998795509    
   944.000000      0.998795509    
   945.000000      0.998795629    
   946.000000      0.998795688    
   947.000000      0.998795688    
   948.000000      0.998795688    
   949.000000      0.998795688    
   950.000000      0.998795629    
   951.000000      0.998795509    
   952.000000      0.998795509    
   953.000000      0.998795509    
   954.000000      0.998795509    
   955.000000      0.998795390    
   956.000000      0.998795569    
   957.000000      0.998795569    
   958.000000      0.998795688    
   959.000000      0.998795569    
   960.000000      0.998795688    
   961.000000      0.998795807    
   962.000000      0.998795807    
   963.000000      0.998795807    
   964.000000      0.998795807    
   965.000000      0.998795807    
   966.000000      0.998795807    
   967.000000      0.998795927    
   968.000000      0.998795927    
   969.000000      0.998795807    
   970.000000      0.998795807    
   971.000000      0.998795807    
   972.000000      0.998795927    
   973.000000      0.998795927    
   974.000000      0.998796046    
   975.000000      0.998796046    
   976.000000      0.998796165    
   977.000000      0.998796046    
   978.000000      0.998796046    
   979.000000      0.998796046    
   980.000000      0.998796046    
   981.000000      0.998796046    
   982.000000      0.998796046    
   983.000000      0.998796046    
   984.000000      0.998796046    
   985.000000      0.998796046    
   986.000000      0.998796046    
   987.000000      0.998796046    
   988.000000      0.998796046    
   989.000000      0.998795927    
   990.000000      0.998795927    
   991.000000      0.998795927    
   992.000000      0.998795927    
   993.000000      0.998795927    
   994.000000      0.998795927    
   995.000000      0.998795807    
   996.000000      0.998795807    
   997.000000      0.998795807    
   998.000000      0.998795927    
   999.000000      0.998796046    
   1000.00000      0.998796046    
   1001.00000      0.998796046    
   1002.00000      0.998796046    
   1003.00000      0.998796165    
   1004.00000      0.998795927    
   1005.00000      0.998795927    
   1006.00000      0.998795688    
   1007.00000      0.998795688    
   1008.00000      0.998795688    
   1009.00000      0.998795927    
   1010.00000      0.998795807    
   1011.00000      0.998795807    
   1012.00000      0.998795927    
   1013.00000      0.998795807    
   1014.00000      0.998795807    
   1015.00000      0.998795807    
   1016.00000      0.998795807    
   1017.00000      0.998795807    
   1018.00000      0.998795927    
   1019.00000      0.998795927    
   1020.00000      0.998795807    
   1021.00000      0.998795807    
   1022.00000      0.998795807    
   1023.00000      0.998795927    
   1024.00000      0.998795927    
   1025.00000      0.998796046    
   1026.00000      0.998796046    
   1027.00000      0.998795927    
   1028.00000      0.998796046    
   1029.00000      0.998795927    
   1030.00000      0.998795927    
   1031.00000      0.998795927    
   1032.00000      0.998795807    
   1033.00000      0.998795927    
   1034.00000      0.998796046    
   1035.00000      0.998796046    
   1036.00000      0.998796046    
   1037.00000      0.998795927    
   1038.00000      0.998795927    
   1039.00000      0.998795927    
   1040.00000      0.998795807    
   1041.00000      0.998795807    
   1042.00000      0.998795688    
   1043.00000      0.998795688    
   1044.00000      0.998795807    
   1045.00000      0.998795807    
   1046.00000      0.998795569    
   1047.00000      0.998795509    
   1048.00000      0.998795509    
   1049.00000      0.998795509    
   1050.00000      0.998795509    
   1051.00000      0.998795509    
   1052.00000      0.998795569    
   1053.00000      0.998795569    
   1054.00000      0.998795390    
   1055.00000      0.998795271    
   1056.00000      0.998795152    
   1057.00000      0.998795152    
   1058.00000      0.998795152    
   1059.00000      0.998795271    
   1060.00000      0.998795152    
   1061.00000      0.998795152    
   1062.00000      0.998795152    
   1063.00000      0.998795271    
   1064.00000      0.998795390    
   1065.00000      0.998795390    
   1066.00000      0.998795390    
   1067.00000      0.998795271    
   1068.00000      0.998795271    
   1069.00000      0.998795152    
   1070.00000      0.998794913    
   1071.00000      0.998795033    
   1072.00000      0.998794913    
   1073.00000      0.998795033    
   1074.00000      0.998794913    
   1075.00000      0.998795033    
   1076.00000      0.998795033    
   1077.00000      0.998794913    
   1078.00000      0.998795033    
   1079.00000      0.998795033    
   1080.00000      0.998795271    
   1081.00000      0.998795152    
   1082.00000      0.998795271    
   1083.00000      0.998795390    
   1084.00000      0.998795450    
   1085.00000      0.998795271    
   1086.00000      0.998795152    
   1087.00000      0.998795271    
   1088.00000      0.998795271    
   1089.00000      0.998795271    
   1090.00000      0.998795390    
   1091.00000      0.998795271    
   1092.00000      0.998795271    
   1093.00000      0.998795152    
   1094.00000      0.998795152    
   1095.00000      0.998795152    
   1096.00000      0.998795152    
   1097.00000      0.998795152    
   1098.00000      0.998795152    
   1099.00000      0.998795152    
   1100.00000      0.998795152    
   1101.00000      0.998795033    
   1102.00000      0.998795033    
   1103.00000      0.998794913    
   1104.00000      0.998794913    
   1105.00000      0.998794913    
   1106.00000      0.998794675    
   1107.00000      0.998794913    
   1108.00000      0.998794913    
   1109.00000      0.998794913    
   1110.00000      0.998794913    
   1111.00000      0.998794794    
   1112.00000      0.998794794    
   1113.00000      0.998794913    
   1114.00000      0.998794794    
   1115.00000      0.998794675    
   1116.00000      0.998794794    
   1117.00000      0.998794794    
   1118.00000      0.998794675    
   1119.00000      0.998794675    
   1120.00000      0.998794556    
   1121.00000      0.998794556    
   1122.00000      0.998794556    
   1123.00000      0.998794556    
   1124.00000      0.998794675    
   1125.00000      0.998794675    
   1126.00000      0.998794556    
   1127.00000      0.998794436    
   1128.00000      0.998794675    
   1129.00000      0.998794675    
   1130.00000      0.998794794    
   1131.00000      0.998794794    
   1132.00000      0.998794675    
   1133.00000      0.998794913    
   1134.00000      0.998794913    
   1135.00000      0.998794913    
   1136.00000      0.998794913    
   1137.00000      0.998794913    
   1138.00000      0.998794794    
   1139.00000      0.998794794    
   1140.00000      0.998794675    
   1141.00000      0.998794556    
   1142.00000      0.998794556    
   1143.00000      0.998794675    
   1144.00000      0.998794675    
   1145.00000      0.998794675    
   1146.00000      0.998794794    
   1147.00000      0.998794794    
   1148.00000      0.998794794    
   1149.00000      0.998794675    
   1150.00000      0.998794675    
   1151.00000      0.998794675    
   1152.00000      0.998794675    
   1153.00000      0.998794556    
   1154.00000      0.998794675    
   1155.00000      0.998794675    
   1156.00000      0.998794794    
   1157.00000      0.998794794    
   1158.00000      0.998794675    
   1159.00000      0.998794556    
   1160.00000      0.998794675    
   1161.00000      0.998794675    
   1162.00000      0.998794436    
   1163.00000      0.998794436    
   1164.00000      0.998794436    
   1165.00000      0.998794556    
   1166.00000      0.998794556    
   1167.00000      0.998794556    
   1168.00000      0.998794675    
   1169.00000      0.998794675    
   1170.00000      0.998794675    
   1171.00000      0.998794675    
   1172.00000      0.998794675    
   1173.00000      0.998794675    
   1174.00000      0.998794675    
   1175.00000      0.998794556    
   1176.00000      0.998794556    
   1177.00000      0.998794556    
   1178.00000      0.998794556    
   1179.00000      0.998794556    
   1180.00000      0.998794556    
   1181.00000      0.998794436    
   1182.00000      0.998794556    
   1183.00000      0.998794556    
   1184.00000      0.998794675    
   1185.00000      0.998794675    
   1186.00000      0.998794675    
   1187.00000      0.998794675    
   1188.00000      0.998794675    
   1189.00000      0.998794675    
   1190.00000      0.998794794    
   1191.00000      0.998794794    
   1192.00000      0.998794675    
   1193.00000      0.998794675    
   1194.00000      0.998794794    
   1195.00000      0.998794794    
   1196.00000      0.998794794    
   1197.00000      0.998794794    
   1198.00000      0.998794794    
   1199.00000      0.998794675    
   1200.00000      0.998794675    
   1201.00000      0.998794675    
   1202.00000      0.998794675    
   1203.00000      0.998794556    
   1204.00000      0.998794675    
   1205.00000      0.998794675    
   1206.00000      0.998794675    
   1207.00000      0.998794675    
   1208.00000      0.998794794    
   1209.00000      0.998794794    
   1210.00000      0.998794675    
   1211.00000      0.998794675    
   1212.00000      0.998794675    
   1213.00000      0.998794675    
   1214.00000      0.998794675    
   1215.00000      0.998794675    
   1216.00000      0.998794556    
   1217.00000      0.998794436    
   1218.00000      0.998794436    
   1219.00000      0.998794675    
   1220.00000      0.998794556    
   1221.00000      0.998794436    
   1222.00000      0.998794436    
   1223.00000      0.998794317    
   1224.00000      0.998794436    
   1225.00000      0.998794556    
   1226.00000      0.998794436    
   1227.00000      0.998794436    
   1228.00000      0.998794436    
   1229.00000      0.998794436    
   1230.00000      0.998794436    
   1231.00000      0.998794436    
   1232.00000      0.998794317    
   1233.00000      0.998794436    
   1234.00000      0.998794436    
   1235.00000      0.998794556    
   1236.00000      0.998794556    
   1237.00000      0.998794556    
   1238.00000      0.998794556    
   1239.00000      0.998794556    
   1240.00000      0.998794556    
   1241.00000      0.998794675    
   1242.00000      0.998794794    
   1243.00000      0.998794794    
   1244.00000      0.998794675    
   1245.00000      0.998794794    
   1246.00000      0.998794794    
   1247.00000      0.998794913    
   1248.00000      0.998794794    
   1249.00000      0.998795033    
   1250.00000      0.998795033    
   1251.00000      0.998795033    
   1252.00000      0.998795033    
   1253.00000      0.998795033    
   1254.00000      0.998795033    
   1255.00000      0.998795152    
   1256.00000      0.998795271    
   1257.00000      0.998795152    
   1258.00000      0.998795271    
   1259.00000      0.998795271    
   1260.00000      0.998795152    
   1261.00000      0.998795152    
   1262.00000      0.998795152    
   1263.00000      0.998795152    
   1264.00000      0.998795271    
   1265.00000      0.998795271    
   1266.00000      0.998795271    
   1267.00000      0.998795271    
   1268.00000      0.998795271    
   1269.00000      0.998795271    
   1270.00000      0.998795271    
   1271.00000      0.998795271    
   1272.00000      0.998795271    
   1273.00000      0.998795271    
   1274.00000      0.998795152    
   1275.00000      0.998795152    
   1276.00000      0.998795033    
   1277.00000      0.998795033    
   1278.00000      0.998795152    
   1279.00000      0.998795271    
   1280.00000      0.998795271    
   1281.00000      0.998795271    
   1282.00000      0.998795271    
   1283.00000      0.998795271    
   1284.00000      0.998795271    
   1285.00000      0.998795271    
   1286.00000      0.998795331    
   1287.00000      0.998795271    
   1288.00000      0.998795152    
   1289.00000      0.998795211    
   1290.00000      0.998795152    
   1291.00000      0.998795152    
   1292.00000      0.998795152    
   1293.00000      0.998795033    
   1294.00000      0.998795033    
   1295.00000      0.998795152    
   1296.00000      0.998795152    
   1297.00000      0.998795211    
   1298.00000      0.998795211    
   1299.00000      0.998795211    
   1300.00000      0.998795331    
   1301.00000      0.998795450    
   1302.00000      0.998795450    
   1303.00000      0.998795569    
   1304.00000      0.998795569    
   1305.00000      0.998795569    
   1306.00000      0.998795569    
   1307.00000      0.998795569    
   1308.00000      0.998795569    
   1309.00000      0.998795569    
   1310.00000      0.998795688    
   1311.00000      0.998795688    
   1312.00000      0.998795688    
   1313.00000      0.998795807    
   1314.00000      0.998795688    
   1315.00000      0.998795688    
   1316.00000      0.998795927    
   1317.00000      0.998796046    
   1318.00000      0.998795807    
   1319.00000      0.998795807    
   1320.00000      0.998795807    
   1321.00000      0.998795927    
   1322.00000      0.998795807    
   1323.00000      0.998795927    
   1324.00000      0.998795807    
   1325.00000      0.998795927    
   1326.00000      0.998795807    
   1327.00000      0.998796165    
   1328.00000      0.998796046    
   1329.00000      0.998796165    
   1330.00000      0.998796165    
   1331.00000      0.998795927    
   1332.00000      0.998796046    
   1333.00000      0.998796046    
   1334.00000      0.998796046    
   1335.00000      0.998796165    
   1336.00000      0.998796165    
   1337.00000      0.998796046    
   1338.00000      0.998796165    
   1339.00000      0.998796165    
   1340.00000      0.998796165    
   1341.00000      0.998796165    
   1342.00000      0.998796284    
   1343.00000      0.998796284    
   1344.00000      0.998796284    
   1345.00000      0.998796523    
   1346.00000      0.998796523    
   1347.00000      0.998796403    
   1348.00000      0.998796403    
   1349.00000      0.998796403    
   1350.00000      0.998796403    
   1351.00000      0.998796523    
   1352.00000      0.998796523    
   1353.00000      0.998796523    
   1354.00000      0.998796523    
   1355.00000      0.998796403    
   1356.00000      0.998796523    
   1357.00000      0.998796523    
   1358.00000      0.998796523    
   1359.00000      0.998796523    
   1360.00000      0.998796523    
   1361.00000      0.998796523    
   1362.00000      0.998796523    
   1363.00000      0.998796523    
   1364.00000      0.998796523    
   1365.00000      0.998796523    
   1366.00000      0.998796523    
   1367.00000      0.998796523    
   1368.00000      0.998796523    
   1369.00000      0.998796403    
   1370.00000      0.998796403    
   1371.00000      0.998796403    
   1372.00000      0.998796523    
   1373.00000      0.998796403    
   1374.00000      0.998796284    
   1375.00000      0.998796284    
   1376.00000      0.998796403    
   1377.00000      0.998796284    
   1378.00000      0.998796284    
   1379.00000      0.998796165    
   1380.00000      0.998796046    
   1381.00000      0.998796046    
   1382.00000      0.998796165    
   1383.00000      0.998796165    
   1384.00000      0.998795927    
   1385.00000      0.998795927    
   1386.00000      0.998795927    
   1387.00000      0.998795927    
   1388.00000      0.998795927    
   1389.00000      0.998795927    
   1390.00000      0.998796046    
   1391.00000      0.998796046    
   1392.00000      0.998796046    
   1393.00000      0.998796165    
   1394.00000      0.998796165    
   1395.00000      0.998796046    
   1396.00000      0.998795927    
   1397.00000      0.998795927    
   1398.00000      0.998795927    
   1399.00000      0.998795927    
   1400.00000      0.998796165    
   1401.00000      0.998796165    
   1402.00000      0.998796165    
   1403.00000      0.998795927    
   1404.00000      0.998796046    
   1405.00000      0.998796046    
   1406.00000      0.998796284    
   1407.00000      0.998796284    
   1408.00000      0.998796403    
   1409.00000      0.998796403    
   1410.00000      0.998796523    
   1411.00000      0.998796523    
   1412.00000      0.998796403    
   1413.00000      0.998796523    
   1414.00000      0.998796523    
   1415.00000      0.998796523    
   1416.00000      0.998796642    
   1417.00000      0.998796523    
   1418.00000      0.998796523    
   1419.00000      0.998796523    
   1420.00000      0.998796523    
   1421.00000      0.998796642    
   1422.00000      0.998796642    
   1423.00000      0.998796523    
   1424.00000      0.998796523    
   1425.00000      0.998796523    
   1426.00000      0.998796761    
   1427.00000      0.998796761    
   1428.00000      0.998796880    
   1429.00000      0.998796940    
   1430.00000      0.998796940    
   1431.00000      0.998796940    
   1432.00000      0.998796940    
   1433.00000      0.998796940    
   1434.00000      0.998796880    
   1435.00000      0.998796940    
   1436.00000      0.998796880    
   1437.00000      0.998796940    
   1438.00000      0.998796940    
   1439.00000      0.998796880    
   1440.00000      0.998796880    
   1441.00000      0.998796880    
   1442.00000      0.998796880    
   1443.00000      0.998796761    
   1444.00000      0.998796761    
   1445.00000      0.998796642    
   1446.00000      0.998796642    
   1447.00000      0.998796642    
   1448.00000      0.998796523    
   1449.00000      0.998796642    
   1450.00000      0.998796523    
   1451.00000      0.998796642    
   1452.00000      0.998796642    
   1453.00000      0.998796761    
   1454.00000      0.998796761    
   1455.00000      0.998796761    
   1456.00000      0.998796821    
   1457.00000      0.998796821    
   1458.00000      0.998796761    
   1459.00000      0.998796761    
   1460.00000      0.998796761    
   1461.00000      0.998796761    
   1462.00000      0.998796761    
   1463.00000      0.998796761    
   1464.00000      0.998796821    
   1465.00000      0.998796761    
   1466.00000      0.998796821    
   1467.00000      0.998796821    
   1468.00000      0.998796761    
   1469.00000      0.998796761    
   1470.00000      0.998796821    
   1471.00000      0.998796761    
   1472.00000      0.998796761    
   1473.00000      0.998796761    
   1474.00000      0.998796761    
   1475.00000      0.998796761    
   1476.00000      0.998796761    
   1477.00000      0.998796761    
   1478.00000      0.998796761    
   1479.00000      0.998796642    
   1480.00000      0.998796642    
   1481.00000      0.998796642    
   1482.00000      0.998796523    
   1483.00000      0.998796403    
   1484.00000      0.998796403    
   1485.00000      0.998796403    
   1486.00000      0.998796403    
   1487.00000      0.998796523    
   1488.00000      0.998796523    
   1489.00000      0.998796523    
   1490.00000      0.998796523    
   1491.00000      0.998796523    
   1492.00000      0.998796523    
   1493.00000      0.998796403    
   1494.00000      0.998796403    
   1495.00000      0.998796523    
   1496.00000      0.998796523    
   1497.00000      0.998796403    
   1498.00000      0.998796523    
   1499.00000      0.998796642    
   1500.00000      0.998796523    
   1501.00000      0.998796403    
   1502.00000      0.998796403    
   1503.00000      0.998796284    
   1504.00000      0.998796403    
   1505.00000      0.998796403    
   1506.00000      0.998796403    
   1507.00000      0.998796403    
   1508.00000      0.998796403    
   1509.00000      0.998796403    
   1510.00000      0.998796523    
   1511.00000      0.998796284    
   1512.00000      0.998796403    
   1513.00000      0.998796523    
   1514.00000      0.998796523    
   1515.00000      0.998796403    
   1516.00000      0.998796403    
   1517.00000      0.998796403    
   1518.00000      0.998796403    
   1519.00000      0.998796403    
   1520.00000      0.998796284    
   1521.00000      0.998796284    
   1522.00000      0.998796165    
   1523.00000      0.998796284    
   1524.00000      0.998796284    
   1525.00000      0.998796284    
   1526.00000      0.998796403    
   1527.00000      0.998796403    
   1528.00000      0.998796403    
   1529.00000      0.998796403    
   1530.00000      0.998796403    
   1531.00000      0.998796403    
   1532.00000      0.998796284    
   1533.00000      0.998796284    
   1534.00000      0.998796284    
   1535.00000      0.998796284    
   1536.00000      0.998796284    
   1537.00000      0.998796165    
   1538.00000      0.998796165    
   1539.00000      0.998796165    
   1540.00000      0.998796165    
   1541.00000      0.998796284    
   1542.00000      0.998796165    
   1543.00000      0.998796046    
   1544.00000      0.998796046    
   1545.00000      0.998796046    
   1546.00000      0.998796046    
   1547.00000      0.998796046    
   1548.00000      0.998795927    
   1549.00000      0.998795807    
   1550.00000      0.998795807    
   1551.00000      0.998795807    
   1552.00000      0.998795807    
   1553.00000      0.998795807    
   1554.00000      0.998795807    
   1555.00000      0.998795807    
   1556.00000      0.998795927    
   1557.00000      0.998795927    
   1558.00000      0.998795927    
   1559.00000      0.998795927    
   1560.00000      0.998795927    
   1561.00000      0.998795927    
   1562.00000      0.998795807    
   1563.00000      0.998795688    
   1564.00000      0.998795688    
   1565.00000      0.998795688    
   1566.00000      0.998795807    
   1567.00000      0.998795807    
   1568.00000      0.998795807    
   1569.00000      0.998795807    
   1570.00000      0.998795927    
   1571.00000      0.998795807    
   1572.00000      0.998795927    
   1573.00000      0.998795807    
   1574.00000      0.998795807    
   1575.00000      0.998795807    
   1576.00000      0.998795807    
   1577.00000      0.998795807    
   1578.00000      0.998795927    
   1579.00000      0.998795927    
   1580.00000      0.998796046    
   1581.00000      0.998796046    
   1582.00000      0.998796046    
   1583.00000      0.998796046    
   1584.00000      0.998795807    
   1585.00000      0.998795807    
   1586.00000      0.998795807    
   1587.00000      0.998795688    
   1588.00000      0.998795688    
   1589.00000      0.998795807    
   1590.00000      0.998795927    
   1591.00000      0.998795927    
   1592.00000      0.998795927    
   1593.00000      0.998796046    
   1594.00000      0.998795807    
   1595.00000      0.998795807    
   1596.00000      0.998795807    
   1597.00000      0.998795807    
   1598.00000      0.998795807    
   1599.00000      0.998795807    
   1600.00000      0.998795927    
   1601.00000      0.998795807    
   1602.00000      0.998795807    
   1603.00000      0.998795807    
   1604.00000      0.998795688    
   1605.00000      0.998795688    
   1606.00000      0.998795688    
   1607.00000      0.998795807    
   1608.00000      0.998795927    
   1609.00000      0.998795807    
   1610.00000      0.998795688    
   1611.00000      0.998795807    
   1612.00000      0.998795688    
   1613.00000      0.998795688    
   1614.00000      0.998795688    
   1615.00000      0.998795569    
   1616.00000      0.998795688    
   1617.00000      0.998795688    
   1618.00000      0.998795569    
   1619.00000      0.998795688    
   1620.00000      0.998795569    
   1621.00000      0.998795569    
   1622.00000      0.998795569    
   1623.00000      0.998795569    
   1624.00000      0.998795569    
   1625.00000      0.998795450    
   1626.00000      0.998795450    
   1627.00000      0.998795331    
   1628.00000      0.998795331    
   1629.00000      0.998795331    
   1630.00000      0.998795450    
   1631.00000      0.998795450    
   1632.00000      0.998795569    
   1633.00000      0.998795569    
   1634.00000      0.998795569    
   1635.00000      0.998795450    
   1636.00000      0.998795569    
   1637.00000      0.998795450    
   1638.00000      0.998795569    
   1639.00000      0.998795569    
   1640.00000      0.998795569    
   1641.00000      0.998795569    
   1642.00000      0.998795569    
   1643.00000      0.998795569    
   1644.00000      0.998795569    
   1645.00000      0.998795569    
   1646.00000      0.998795688    
   1647.00000      0.998795569    
   1648.00000      0.998795688    
   1649.00000      0.998795688    
   1650.00000      0.998795688    
   1651.00000      0.998795807    
   1652.00000      0.998795569    
   1653.00000      0.998795688    
   1654.00000      0.998795807    
   1655.00000      0.998795807    
   1656.00000      0.998795807    
   1657.00000      0.998795807    
   1658.00000      0.998795807    
   1659.00000      0.998795807    
   1660.00000      0.998795807    
   1661.00000      0.998795688    
   1662.00000      0.998795688    
   1663.00000      0.998795688    
   1664.00000      0.998795569    
   1665.00000      0.998795569    
   1666.00000      0.998795569    
   1667.00000      0.998795569    
   1668.00000      0.998795569    
   1669.00000      0.998795569    
   1670.00000      0.998795688    
   1671.00000      0.998795688    
   1672.00000      0.998795688    
   1673.00000      0.998795569    
   1674.00000      0.998795688    
   1675.00000      0.998795688    
   1676.00000      0.998795569    
   1677.00000      0.998795569    
   1678.00000      0.998795569    
   1679.00000      0.998795569    
   1680.00000      0.998795569    
   1681.00000      0.998795569    
   1682.00000      0.998795569    
   1683.00000      0.998795569    
   1684.00000      0.998795688    
   1685.00000      0.998795688    
   1686.00000      0.998795450    
   1687.00000      0.998795450    
   1688.00000      0.998795450    
   1689.00000      0.998795450    
   1690.00000      0.998795450    
   1691.00000      0.998795450    
   1692.00000      0.998795450    
   1693.00000      0.998795450    
   1694.00000      0.998795331    
   1695.00000      0.998795331    
   1696.00000      0.998795331    
   1697.00000      0.998795331    
   1698.00000      0.998795331    
   1699.00000      0.998795450    
   1700.00000      0.998795331    
   1701.00000      0.998795331    
   1702.00000      0.998795211    
   1703.00000      0.998795211    
   1704.00000      0.998795211    
   1705.00000      0.998795211    
   1706.00000      0.998795092    
   1707.00000      0.998795092    
   1708.00000      0.998795092    
   1709.00000      0.998795092    
   1710.00000      0.998795092    
   1711.00000      0.998794973    
   1712.00000      0.998794854    
   1713.00000      0.998794794    
   1714.00000      0.998794794    
   1715.00000      0.998794794    
   1716.00000      0.998794854    
   1717.00000      0.998794854    
   1718.00000      0.998794854    
   1719.00000      0.998794794    
   1720.00000      0.998794854    
   1721.00000      0.998794854    
   1722.00000      0.998794854    
   1723.00000      0.998794854    
   1724.00000      0.998794854    
   1725.00000      0.998794854    
   1726.00000      0.998794854    
   1727.00000      0.998794854    
   1728.00000      0.998794854    
   1729.00000      0.998794854    
   1730.00000      0.998794854    
   1731.00000      0.998794794    
   1732.00000      0.998794854    
   1733.00000      0.998794854    
   1734.00000      0.998794854    
   1735.00000      0.998794854    
   1736.00000      0.998794794    
   1737.00000      0.998794854    
   1738.00000      0.998794794    
   1739.00000      0.998794854    
   1740.00000      0.998794854    
   1741.00000      0.998794854    
   1742.00000      0.998794794    
   1743.00000      0.998794794    
   1744.00000      0.998794794    
   1745.00000      0.998794794    
   1746.00000      0.998794854    
   1747.00000      0.998794973    
   1748.00000      0.998794973    
   1749.00000      0.998794973    
   1750.00000      0.998794854    
   1751.00000      0.998794794    
   1752.00000      0.998794794    
   1753.00000      0.998794556    
   1754.00000      0.998794556    
   1755.00000      0.998794675    
   1756.00000      0.998794675    
   1757.00000      0.998794675    
   1758.00000      0.998794675    
   1759.00000      0.998794675    
   1760.00000      0.998794556    
   1761.00000      0.998794675    
   1762.00000      0.998794675    
   1763.00000      0.998794675    
   1764.00000      0.998794675    
   1765.00000      0.998794675    
   1766.00000      0.998794675    
   1767.00000      0.998794675    
   1768.00000      0.998794675    
   1769.00000      0.998794794    
   1770.00000      0.998794675    
   1771.00000      0.998794675    
   1772.00000      0.998794675    
   1773.00000      0.998794794    
   1774.00000      0.998794794    
   1775.00000      0.998794794    
   1776.00000      0.998794854    
   1777.00000      0.998794854    
   1778.00000      0.998794854    
   1779.00000      0.998794854    
   1780.00000      0.998794854    
   1781.00000      0.998794854    
   1782.00000      0.998794854    
   1783.00000      0.998794854    
   1784.00000      0.998794973    
   1785.00000      0.998794973    
   1786.00000      0.998794973    
   1787.00000      0.998794973    
   1788.00000      0.998795092    
   1789.00000      0.998795092    
   1790.00000      0.998795092    
   1791.00000      0.998795092    
   1792.00000      0.998795211    
   1793.00000      0.998795092    
   1794.00000      0.998795211    
   1795.00000      0.998795211    
   1796.00000      0.998795211    
   1797.00000      0.998795211    
   1798.00000      0.998795092    
   1799.00000      0.998795092    
   1800.00000      0.998795092    
   1801.00000      0.998795092    
   1802.00000      0.998795092    
   1803.00000      0.998795092    
   1804.00000      0.998795092    
   1805.00000      0.998794973    
   1806.00000      0.998795092    
   1807.00000      0.998794973    
   1808.00000      0.998795092    
   1809.00000      0.998794973    
   1810.00000      0.998795092    
   1811.00000      0.998794973    
   1812.00000      0.998794973    
   1813.00000      0.998794973    
   1814.00000      0.998794973    
   1815.00000      0.998794973    
   1816.00000      0.998794973    
   1817.00000      0.998794854    
   1818.00000      0.998794973    
   1819.00000      0.998794973    
   1820.00000      0.998794973    
   1821.00000      0.998794973    
   1822.00000      0.998794973    
   1823.00000      0.998795092    
   1824.00000      0.998795092    
   1825.00000      0.998795092    
   1826.00000      0.998795092    
   1827.00000      0.998795092    
   1828.00000      0.998795092    
   1829.00000      0.998795211    
   1830.00000      0.998795211    
   1831.00000      0.998795092    
   1832.00000      0.998795092    
   1833.00000      0.998795092    
   1834.00000      0.998795211    
   1835.00000      0.998795092    
   1836.00000      0.998795211    
   1837.00000      0.998795211    
   1838.00000      0.998795211    
   1839.00000      0.998795211    
   1840.00000      0.998795092    
   1841.00000      0.998795092    
   1842.00000      0.998794973    
   1843.00000      0.998795092    
   1844.00000      0.998795092    
   1845.00000      0.998795092    
   1846.00000      0.998795092    
   1847.00000      0.998795092    
   1848.00000      0.998795092    
   1849.00000      0.998795211    
   1850.00000      0.998794973    
   1851.00000      0.998794973    
   1852.00000      0.998795092    
   1853.00000      0.998795092    
   1854.00000      0.998795211    
   1855.00000      0.998795211    
   1856.00000      0.998795211    
   1857.00000      0.998795211    
   1858.00000      0.998795211    
   1859.00000      0.998795211    
   1860.00000      0.998795092    
   1861.00000      0.998795211    
   1862.00000      0.998795211    
   1863.00000      0.998795211    
   1864.00000      0.998795211    
   1865.00000      0.998795211    
   1866.00000      0.998795211    
   1867.00000      0.998795211    
   1868.00000      0.998795331    
   1869.00000      0.998795331    
   1870.00000      0.998795331    
   1871.00000      0.998795331    
   1872.00000      0.998795331    
   1873.00000      0.998795331    
   1874.00000      0.998795331    
   1875.00000      0.998795450    
   1876.00000      0.998795450    
   1877.00000      0.998795569    
   1878.00000      0.998795569    
   1879.00000      0.998795688    
   1880.00000      0.998795688    
   1881.00000      0.998795688    
   1882.00000      0.998795569    
   1883.00000      0.998795688    
   1884.00000      0.998795688    
   1885.00000      0.998795688    
   1886.00000      0.998795688    
   1887.00000      0.998795807    
   1888.00000      0.998795807    
   1889.00000      0.998795807    
   1890.00000      0.998795927    
   1891.00000      0.998795927    
   1892.00000      0.998795807    
   1893.00000      0.998795927    
   1894.00000      0.998795927    
   1895.00000      0.998795927    
   1896.00000      0.998795927    
   1897.00000      0.998796165    
   1898.00000      0.998796046    
   1899.00000      0.998796165    
   1900.00000      0.998796165    
   1901.00000      0.998796165    
   1902.00000      0.998796165    
   1903.00000      0.998796046    
   1904.00000      0.998796046    
   1905.00000      0.998796046    
   1906.00000      0.998796284    
   1907.00000      0.998796165    
   1908.00000      0.998796284    
   1909.00000      0.998796284    
   1910.00000      0.998796403    
   1911.00000      0.998796403    
   1912.00000      0.998796403    
   1913.00000      0.998796523    
   1914.00000      0.998796523    
   1915.00000      0.998796403    
   1916.00000      0.998796403    
   1917.00000      0.998796403    
   1918.00000      0.998796403    
   1919.00000      0.998796403    
   1920.00000      0.998796523    
   1921.00000      0.998796523    
   1922.00000      0.998796582    
   1923.00000      0.998796582    
   1924.00000      0.998796582    
   1925.00000      0.998796463    
   1926.00000      0.998796463    
   1927.00000      0.998796463    
   1928.00000      0.998796463    
   1929.00000      0.998796403    
   1930.00000      0.998796403    
   1931.00000      0.998796463    
   1932.00000      0.998796284    
   1933.00000      0.998796284    
   1934.00000      0.998796284    
   1935.00000      0.998796403    
   1936.00000      0.998796403    
   1937.00000      0.998796463    
   1938.00000      0.998796463    
   1939.00000      0.998796463    
   1940.00000      0.998796463    
   1941.00000      0.998796463    
   1942.00000      0.998796463    
   1943.00000      0.998796463    
   1944.00000      0.998796463    
   1945.00000      0.998796582    
   1946.00000      0.998796463    
   1947.00000      0.998796582    
   1948.00000      0.998796582    
   1949.00000      0.998796701    
   1950.00000      0.998796582    
   1951.00000      0.998796701    
   1952.00000      0.998796403    
   1953.00000      0.998796463    
   1954.00000      0.998796463    
   1955.00000      0.998796582    
   1956.00000      0.998796463    
   1957.00000      0.998796463    
   1958.00000      0.998796403    
   1959.00000      0.998796582    
   1960.00000      0.998796463    
   1961.00000      0.998796284    
   1962.00000      0.998796284    
   1963.00000      0.998796403    
   1964.00000      0.998796403    
   1965.00000      0.998796403    
   1966.00000      0.998796403    
   1967.00000      0.998796403    
   1968.00000      0.998796403    
   1969.00000      0.998796403    
   1970.00000      0.998796463    
   1971.00000      0.998796463    
   1972.00000      0.998796463    
   1973.00000      0.998796582    
   1974.00000      0.998796701    
   1975.00000      0.998796582    
   1976.00000      0.998796582    
   1977.00000      0.998796582    
   1978.00000      0.998796582    
   1979.00000      0.998796582    
   1980.00000      0.998796582    
   1981.00000      0.998796582    
   1982.00000      0.998796582    
   1983.00000      0.998796582    
   1984.00000      0.998796582    
   1985.00000      0.998796582    
   1986.00000      0.998796582    
   1987.00000      0.998796463    
   1988.00000      0.998796582    
   1989.00000      0.998796701    
   1990.00000      0.998796582    
   1991.00000      0.998796582    
   1992.00000      0.998796463    
   1993.00000      0.998796582    
   1994.00000      0.998796582    
   1995.00000      0.998796701    
   1996.00000      0.998796701    
   1997.00000      0.998796701    
   1998.00000      0.998796821    
   1999.00000      0.998796821    
   2000.00000      0.998796701    
   2001.00000      0.998796701    
   2002.00000      0.998796701    
   2003.00000      0.998796821    
   2004.00000      0.998796821    
   2005.00000      0.998796821    
   2006.00000      0.998796821    
   2007.00000      0.998796940    
   2008.00000      0.998796940    
   2009.00000      0.998796821    
   2010.00000      0.998796821    
   2011.00000      0.998796821    
   2012.00000      0.998796821    
   2013.00000      0.998796821    
   2014.00000      0.998796821    
   2015.00000      0.998796821    
   2016.00000      0.998796701    
   2017.00000      0.998796701    
   2018.00000      0.998796582    
   2019.00000      0.998796582    
   2020.00000      0.998796582    
   2021.00000      0.998796701    
   2022.00000      0.998796701    
   2023.00000      0.998796821    
   2024.00000      0.998796821    
   2025.00000      0.998796821    
   2026.00000      0.998796701    
   2027.00000      0.998796701    
   2028.00000      0.998796701    
   2029.00000      0.998796701    
   2030.00000      0.998796701    
   2031.00000      0.998796701    
   2032.00000      0.998796701    
   2033.00000      0.998796701    
   2034.00000      0.998796701    
   2035.00000      0.998796582    
   2036.00000      0.998796463    
   2037.00000      0.998796463    
   2038.00000      0.998796463    
   2039.00000      0.998796463    
   2040.00000      0.998796582    
   2041.00000      0.998796701    
   2042.00000      0.998796582    
   2043.00000      0.998796582    
   2044.00000      0.998796582    
   2045.00000      0.998796582    
   2046.00000      0.998796582    
   2047.00000      0.998796582    
   2048.00000      0.998796582    
   2049.00000      0.998796582    
   2050.00000      0.998796701    
   2051.00000      0.998796582    
   2052.00000      0.998796463    
   2053.00000      0.998796463    
   2054.00000      0.998796582    
   2055.00000      0.998796582    
   2056.00000      0.998796582    
   2057.00000      0.998796582    
   2058.00000      0.998796582    
   2059.00000      0.998796463    
   2060.00000      0.998796582    
   2061.00000      0.998796582    
   2062.00000      0.998796701    
   2063.00000      0.998796701    
   2064.00000      0.998796701    
   2065.00000      0.998796582    
   2066.00000      0.998796582    
   2067.00000      0.998796582    
   2068.00000      0.998796582    
   2069.00000      0.998796701    
   2070.00000      0.998796701    
   2071.00000      0.998796821    
   2072.00000      0.998796821    
   2073.00000      0.998796821    
   2074.00000      0.998796582    
   2075.00000      0.998796582    
   2076.00000      0.998796582    
   2077.00000      0.998796582    
   2078.00000      0.998796582    
   2079.00000      0.998796582    
   2080.00000      0.998796582    
   2081.00000      0.998796582    
   2082.00000      0.998796582    
   2083.00000      0.998796582    
   2084.00000      0.998796582    
   2085.00000      0.998796582    
   2086.00000      0.998796582    
   2087.00000      0.998796701    
   2088.00000      0.998796582    
   2089.00000      0.998796701    
   2090.00000      0.998796701    
   2091.00000      0.998796701    
   2092.00000      0.998796701    
   2093.00000      0.998796701    
   2094.00000      0.998796821    
   2095.00000      0.998796701    
   2096.00000      0.998796701    
   2097.00000      0.998796701    
   2098.00000      0.998796701    
   2099.00000      0.998796701    
   2100.00000      0.998796701    
   2101.00000      0.998796701    
   2102.00000      0.998796701    
   2103.00000      0.998796821    
   2104.00000      0.998796821    
   2105.00000      0.998796821    
   2106.00000      0.998796701    
   2107.00000      0.998796582    
   2108.00000      0.998796582    
   2109.00000      0.998796582    
   2110.00000      0.998796582    
   2111.00000      0.998796463    
   2112.00000      0.998796463    
   2113.00000      0.998796463    
   2114.00000      0.998796582    
   2115.00000      0.998796582    
   2116.00000      0.998796582    
   2117.00000      0.998796582    
   2118.00000      0.998796582    
   2119.00000      0.998796582    
   2120.00000      0.998796582    
   2121.00000      0.998796582    
   2122.00000      0.998796463    
   2123.00000      0.998796463    
   2124.00000      0.998796463    
   2125.00000      0.998796701    
