  0.200000003       91349.2109    
  0.201090828       88479.6953    
  0.202181652       88209.4062    
  0.203272477       87711.6484    
  0.204363272       87072.8750    
  0.205454051       86360.8516    
  0.206544802       85617.0469    
  0.207635522       84861.0703    
  0.208726212       84102.7109    
  0.209816843       83346.6094    
  0.210907444       82595.2656    
  0.211997986       81849.9219    
  0.213088483       81111.2422    
  0.214178905       80380.3750    
  0.215269268       79658.3125    
  0.216359541       78946.4688    
  0.217449754       78245.6484    
  0.218539879       77557.7266    
  0.219629914       76884.5391    
  0.220719859       76227.6797    
  0.221809700       75588.9219    
  0.222899437       74970.4219    
  0.223989069       74374.7500    
  0.225078583       73803.5781    
  0.226167977       73259.4453    
  0.227257252       72744.4688    
  0.228346393       72260.4766    
  0.229435399       71809.8672    
  0.230524272       71394.7969    
  0.231612995       71017.0234    
  0.232701570       70677.8438    
  0.233789980       70379.2188    
  0.234878242       70121.9219    
  0.235966325       69907.2734    
  0.237054259       69735.8359    
  0.238141984       69607.5391    
  0.239229560       69523.0859    
  0.240316927       69481.3828    
  0.241404101       69481.6797    
  0.242491096       69523.4297    
  0.243577868       69605.2422    
  0.244664446       69725.1484    
  0.245750815       69881.7109    
  0.246836960       70072.9531    
  0.247922882       70295.9453    
  0.249008566       70548.5859    
  0.250094026       70828.4844    
  0.251179248       71133.1406    
  0.252264231       71460.0625    
  0.253348976       71806.7188    
  0.254433453       72170.6797    
  0.255517662       72549.8203    
  0.256601602       72941.5078    
  0.257685304       73343.6797    
  0.258768708       73754.5781    
  0.259851843       74171.9219    
  0.260934681       74594.3594    
  0.262017220       75019.9062    
  0.263099492       75447.4297    
  0.264181435       75875.4844    
  0.265263110       76302.3359    
  0.266344428       76727.8359    
  0.267425478       77150.7422    
  0.268506169       77569.5547    
  0.269586563       77984.1328    
  0.270666599       78393.7109    
  0.271746308       78797.4766    
  0.272825688       79195.4922    
  0.273904711       79586.7109    
  0.274983376       79971.1172    
  0.276061714       80348.3125    
  0.277139664       80718.0469    
  0.278217256       81080.2734    
  0.279294461       81434.8438    
  0.280371308       81781.6953    
  0.281447738       82120.6172    
  0.282523811       82451.4766    
  0.283599496       82774.2734    
  0.284674764       83089.2734    
  0.285749614       83396.3359    
  0.286824107       83695.6797    
  0.287898153       83987.0547    
  0.288971782       84270.7109    
  0.290044993       84546.7031    
  0.291117758       84814.9609    
  0.292190105       85076.0938    
  0.293262005       85329.6484    
  0.294333488       85575.6797    
  0.295404494       85814.8828    
  0.296475053       86046.8516    
  0.297545165       86271.9141    
  0.298614800       86489.9062    
  0.299683958       86701.2188    
  0.300752670       86905.9375    
  0.301820874       87104.0156    
  0.302888632       87295.5312    
  0.303955853       87480.3281    
  0.305022597       87659.1719    
  0.306088835       87831.8359    
  0.307154596       87997.9922    
  0.308219820       88157.9609    
  0.309284538       88311.7891    
  0.310348719       88459.5703    
  0.311412394       88601.2656    
  0.312475532       88736.7969    
  0.313538134       88866.2578    
  0.314600199       88989.6016    
  0.315661728       89106.3672    
  0.316722691       89216.9609    
  0.317783117       89320.7500    
  0.318842947       89417.8281    
  0.319902241       89507.3047    
  0.320960939       89589.8672    
  0.322019100       89661.8438    
  0.323076665       89727.6719    
  0.324133635       89773.3672    
  0.325190008       89819.6094    
  0.326245785       89804.2891    
  0.327300966       89834.7656    
  0.328355551       89425.6641    
  0.329409540       90392.5859    
  0.329409540       90392.5859    
  0.328355551       91523.0469    
  0.327300966       91097.0391    
  0.326245785       91150.1406    
  0.325190008       91151.1016    
  0.324133635       91218.0781    
  0.323076665       91284.6953    
  0.322019100       91372.9375    
  0.320960939       91467.6172    
  0.319902241       91573.1250    
  0.318842947       91685.1797    
  0.317783117       91804.1797    
  0.316722691       91928.7656    
  0.315661728       92058.6094    
  0.314600199       92192.6406    
  0.313538134       92330.8359    
  0.312475532       92472.3828    
  0.311412394       92616.7031    
  0.310348719       92763.5234    
  0.309284538       92912.3281    
  0.308219820       93062.7344    
  0.307154596       93214.4219    
  0.306088835       93367.0703    
  0.305022597       93520.5234    
  0.303955853       93674.1172    
  0.302888632       93827.2656    
  0.301820874       93980.4844    
  0.300752670       94133.1016    
  0.299683958       94284.9062    
  0.298614800       94435.5938    
  0.297545165       94584.9531    
  0.296475053       94733.0156    
  0.295404494       94879.2969    
  0.294333488       95023.9141    
  0.293262005       95166.2812    
  0.292190105       95306.7031    
  0.291117758       95444.9531    
  0.290044993       95580.5859    
  0.288971782       95713.8281    
  0.287898153       95844.5312    
  0.286824107       95972.4766    
  0.285749614       96097.8125    
  0.284674764       96220.1953    
  0.283599496       96339.6797    
  0.282523811       96456.1719    
  0.281447738       96569.7422    
  0.280371308       96680.2734    
  0.279294461       96787.7734    
  0.278217256       96892.0938    
  0.277139664       96993.2422    
  0.276061714       97091.2188    
  0.274983376       97186.0312    
  0.273904711       97277.7422    
  0.272825688       97366.1328    
  0.271746308       97451.5078    
  0.270666599       97533.4766    
  0.269586563       97612.2734    
  0.268506169       97687.8516    
  0.267425478       97760.0391    
  0.266344428       97829.2969    
  0.265263110       97895.2109    
  0.264181435       97957.6719    
  0.263099492       98017.1406    
  0.262017220       98073.3359    
  0.260934681       98126.2188    
  0.259851843       98175.9531    
  0.258768708       98222.3594    
  0.257685304       98265.6406    
  0.256601602       98305.5469    
  0.255517662       98342.2031    
  0.254433453       98375.7344    
  0.253348976       98405.8672    
  0.252264231       98432.7656    
  0.251179248       98456.3672    
  0.250094026       98476.6797    
  0.249008566       98493.6641    
  0.247922882       98507.3047    
  0.246836960       98517.6250    
  0.245750815       98524.7031    
  0.244664446       98528.2891    
  0.243577868       98528.3906    
  0.242491096       98525.1094    
  0.241404101       98518.3906    
  0.240316927       98508.0078    
  0.239229560       98494.1797    
  0.238141984       98476.8906    
  0.237054259       98455.7500    
  0.235966325       98431.0469    
  0.234878242       98402.5312    
  0.233789980       98370.1016    
  0.232701570       98333.8594    
  0.231612995       98293.5156    
  0.230524272       98249.2031    
  0.229435399       98200.6562    
  0.228346393       98147.7109    
  0.227257252       98090.3125    
  0.226167977       98028.3281    
  0.225078583       97961.6016    
  0.223989069       97889.7500    
  0.222899437       97812.7891    
  0.221809700       97730.2344    
  0.220719859       97641.8594    
  0.219629914       97547.4219    
  0.218539879       97446.4219    
  0.217449754       97338.2812    
  0.216359541       97222.4453    
  0.215269268       97098.4219    
  0.214178905       96965.1719    
  0.213088483       96821.9062    
  0.211997986       96667.3828    
  0.210907444       96500.4766    
  0.209816843       96319.6328    
  0.208726212       96123.1953    
  0.207635522       95910.0469    
  0.206544802       95678.7344    
  0.205454051       95431.7188    
  0.204363272       95168.4297    
  0.203272477       94913.7656    
  0.202181652       94631.0547    
  0.201090828       94777.5703    
  0.200000003       91349.2109    
