0	0.00	77377.33	0.62
1	0.00	77377.33	0.62
2	0.01	77089.20	0.62
3	0.01	76717.35	0.63
4	0.02	76339.21	0.64
5	0.02	75957.12	0.64
6	0.02	75571.19	0.65
7	0.03	75181.47	0.65
8	0.03	74788.02	0.66
9	0.04	74390.88	0.67
10	0.04	73990.10	0.67
11	0.04	73585.74	0.68
12	0.05	73177.86	0.69
13	0.05	72766.51	0.69
14	0.06	72351.75	0.70
15	0.06	71933.66	0.70
16	0.06	71512.30	0.71
17	0.07	71087.74	0.72
18	0.07	70660.05	0.72
19	0.08	70229.31	0.73
20	0.08	69795.59	0.74
21	0.08	69358.99	0.74
22	0.09	68919.57	0.75
23	0.09	68477.43	0.76
24	0.10	68032.65	0.76
25	0.10	67585.32	0.77
26	0.10	67135.54	0.78
27	0.11	66683.38	0.79
28	0.11	66228.96	0.79
29	0.12	65772.37	0.80
30	0.12	65313.71	0.81
31	0.12	64853.07	0.81
32	0.13	64390.56	0.82
33	0.13	63926.28	0.83
34	0.14	63460.34	0.83
35	0.14	62992.84	0.84
36	0.14	62523.89	0.85
37	0.15	62053.60	0.86
38	0.15	61582.08	0.86
39	0.16	61109.43	0.87
40	0.16	60635.77	0.88
41	0.16	60161.21	0.89
42	0.17	59685.85	0.89
43	0.17	59209.82	0.90
44	0.18	58733.22	0.91
45	0.18	58256.16	0.91
46	0.18	57778.76	0.92
47	0.19	57301.13	0.93
48	0.19	56823.37	0.94
49	0.20	56345.61	0.94
50	0.20	55867.95	0.95
51	0.20	55390.50	0.96
52	0.21	54913.38	0.97
53	0.21	54436.68	0.98
54	0.22	53960.52	0.98
55	0.22	53485.01	0.99
56	0.22	53010.25	1.00
57	0.23	52536.34	1.01
58	0.23	52063.39	1.01
59	0.24	51591.51	1.02
60	0.24	51120.78	1.03
61	0.24	50651.31	1.04
62	0.25	50183.20	1.04
63	0.25	49716.54	1.05
64	0.26	49251.43	1.06
65	0.26	48787.96	1.07
66	0.26	48326.21	1.08
67	0.27	47866.28	1.08
68	0.27	47408.25	1.09
69	0.28	46952.21	1.10
70	0.28	46498.24	1.11
71	0.28	46046.41	1.11
72	0.29	45596.81	1.12
73	0.29	45149.52	1.13
74	0.30	44704.59	1.14
75	0.30	44262.11	1.15
76	0.30	43822.15	1.15
77	0.31	43384.76	1.16
78	0.31	42950.02	1.17
79	0.32	42517.98	1.18
80	0.32	42088.70	1.18
81	0.32	41662.24	1.19
82	0.33	41238.66	1.20
83	0.33	40818.00	1.21
84	0.34	40400.32	1.22
85	0.34	39985.66	1.22
86	0.34	39574.07	1.23
87	0.35	39165.59	1.24
88	0.35	38760.26	1.25
89	0.36	38358.12	1.25
90	0.36	37959.20	1.26
91	0.36	37563.54	1.27
92	0.37	37171.16	1.28
93	0.37	36782.10	1.29
94	0.38	36396.39	1.29
95	0.38	36014.04	1.30
96	0.38	35635.08	1.31
97	0.39	35259.54	1.32
98	0.39	34887.42	1.32
99	0.40	34518.75	1.33
100	0.40	34153.54	1.34
101	0.40	33791.80	1.35
102	0.41	33433.54	1.36
103	0.41	33078.78	1.36
104	0.42	32727.52	1.37
105	0.42	32379.76	1.38
106	0.42	32035.51	1.39
107	0.43	31694.77	1.39
108	0.43	31357.54	1.40
109	0.44	31023.82	1.41
110	0.44	30693.61	1.42
111	0.44	30366.90	1.42
112	0.45	30043.69	1.43
113	0.45	29723.98	1.44
114	0.46	29407.75	1.45
115	0.46	29094.99	1.45
116	0.46	28785.69	1.46
117	0.47	28479.85	1.47
118	0.47	28177.45	1.48
119	0.48	27878.47	1.48
120	0.48	27582.91	1.49
121	0.48	27290.74	1.50
122	0.49	27001.94	1.50
123	0.49	26716.51	1.51
124	0.50	26434.42	1.52
125	0.50	26155.66	1.53
126	0.50	25880.19	1.53
127	0.51	25608.03	1.54
128	0.51	25339.08	1.55
129	0.52	25073.45	1.56
130	0.52	24810.90	1.56
131	0.52	24551.77	1.57
132	0.53	24295.43	1.58
133	0.53	24042.86	1.58
134	0.54	23792.38	1.59
135	0.54	23546.69	1.60
136	0.54	23301.28	1.60
137	0.55	23063.78	1.61
138	0.55	22833.38	1.62
139	0.56	23070.40	1.61
140	0.56	27636.82	1.43
141	0.56	40617.14	1.07
142	0.57	55124.24	0.80
143	0.57	62579.95	0.69
144	0.58	64579.27	0.67
145	0.58	65137.14	0.66
146	0.58	65486.51	0.65
147	0.59	65806.19	0.65
148	0.59	66116.13	0.64
149	0.60	66418.55	0.64
150	0.60	66713.93	0.63
151	0.60	67002.56	0.62
152	0.61	67284.72	0.62
153	0.61	67560.64	0.61
154	0.62	67830.57	0.61
155	0.62	68094.70	0.60
156	0.62	68353.25	0.60
157	0.63	68606.40	0.59
158	0.63	68854.32	0.59
159	0.64	69097.19	0.59
160	0.64	69335.16	0.58
161	0.64	69568.38	0.58
162	0.65	69796.98	0.57
163	0.65	70021.11	0.57
164	0.66	70240.89	0.56
165	0.66	70456.44	0.56
166	0.66	70667.87	0.56
167	0.67	70875.30	0.55
168	0.67	71078.83	0.55
169	0.68	71278.56	0.54
170	0.68	71474.59	0.54
171	0.68	71667.01	0.54
172	0.69	71855.90	0.53
173	0.69	72041.36	0.53
174	0.70	72223.47	0.53
175	0.70	72402.30	0.52
176	0.70	72577.93	0.52
177	0.71	72750.43	0.51
178	0.71	72919.88	0.51
179	0.72	73086.34	0.51
180	0.72	73249.89	0.50
181	0.72	73410.57	0.50
182	0.73	73568.47	0.50
183	0.73	73723.62	0.50
184	0.74	73876.11	0.49
185	0.74	74025.97	0.49
186	0.74	74173.27	0.49
187	0.75	74318.06	0.48
188	0.75	74460.39	0.48
189	0.76	74600.31	0.48
190	0.76	74737.87	0.47
191	0.76	74873.12	0.47
192	0.77	75006.09	0.47
193	0.77	75136.85	0.47
194	0.78	75265.43	0.46
195	0.78	75391.87	0.46
196	0.78	75516.22	0.46
197	0.79	75638.51	0.45
198	0.79	75758.78	0.45
199	0.80	75877.08	0.45
200	0.80	75993.45	0.45
201	0.80	76107.90	0.44
202	0.81	76220.50	0.44
203	0.81	76331.26	0.44
204	0.82	76440.22	0.44
205	0.82	76547.41	0.44
206	0.82	76652.88	0.43
207	0.83	76756.64	0.43
208	0.83	76858.73	0.43
209	0.84	76959.17	0.43
210	0.84	77058.01	0.42
211	0.84	77155.26	0.42
212	0.85	77250.96	0.42
213	0.85	77345.13	0.42
214	0.86	77437.80	0.41
215	0.86	77528.99	0.41
216	0.86	77618.74	0.41
217	0.87	77707.06	0.41
218	0.87	77793.99	0.41
219	0.88	77879.54	0.40
220	0.88	77963.73	0.40
221	0.88	78046.60	0.40
222	0.89	78128.16	0.40
223	0.89	78208.44	0.40
224	0.90	78287.45	0.40
225	0.90	78365.23	0.39
226	0.90	78441.78	0.39
227	0.91	78517.13	0.39
228	0.91	78591.30	0.39
229	0.92	78664.30	0.39
230	0.92	78736.17	0.38
231	0.92	78806.91	0.38
232	0.93	78876.55	0.38
233	0.93	78945.08	0.38
234	0.94	79012.57	0.38
235	0.94	79078.97	0.38
236	0.94	79144.39	0.37
237	0.95	79208.69	0.37
238	0.95	79272.15	0.37
239	0.96	79334.35	0.37
240	0.96	79396.03	0.37
241	0.96	79455.99	0.37
242	0.97	79516.27	0.37
243	0.97	79573.53	0.36
244	0.98	79633.34	0.36
245	0.98	79686.48	0.36
246	0.98	79748.34	0.36
247	0.99	79793.33	0.36
248	0.99	79864.07	0.36
249	1.00	79889.68	0.36
250	1.00	80000.00	0.35
