1.098					1.0014715707865638		0.6124591746628285			776.3192065060712			270.04117407551604
1.09494588706791		0.9997855738953386      0.6154105543494225          774.4900948880105           269.8592343196094
1.0919234961344035      0.9980892496960763      0.6183727861195802          772.6510240930227           269.67599424100234
1.088932749199486       0.9963825987569618      0.6213458699733019          770.8020188247692           269.4914499839567
1.0859735682631626      0.9946656481868101      0.6243297612518073          768.9431326992923           269.30560052559133
1.0830458758678363      0.9929384089637182      0.6273244450688363          767.0744019952799           269.1184430643168
1.0801495934594278      0.9912009015836296      0.6303298916518687          765.1958734352437           268.9299757940252
1.077284643037986       0.9894531388917023      0.6333460861146449          763.307585607115            268.7401960439872
1.07445094660356        0.9876951519526156      0.6363729837983847          761.4095969141323           268.54910308776346
1.0716484261561985      0.9859269468737379      0.6394105847030875          759.5019389393408           268.356693452656
1.06887700369595        0.9841485653760526      0.6424588292837143          757.5846818194775           268.16296750662826
1.0661366012228637      0.9823600154734057      0.6455177175402641          755.657859453315            267.9679219153675
1.0634271407369882      0.980561332218764       0.6485872048139572          753.7215350042435           267.77155625743103
1.0607485442383724      0.9787525429852239      0.6516672613322734          751.7757634589332           267.57386924358434
1.0581007317657414      0.9769336673718385      0.6547578722089529          749.8205915560129           267.3748587016731
1.0554836273261683      0.9751047522662031      0.6578589778989552          747.8560954646641           267.1745254144221
1.0528971529195272      0.9732658192797486      0.6609705635160208          745.8823242763734           266.97286736855204
1.0503412305456927      0.9714169085975365      0.6640925844013692          743.8993471180765           266.76988455573434
1.0478157822045393      0.9695580526306186      0.6672250107824804          741.907224850054            266.56557608647825
1.0453207298959417      0.9676892847858934      0.6703678128868342          739.9060194847125           266.3599411506596
1.042855995619774       0.965810648343604       0.6735209460556506          737.8958036773635           266.152979996546
1.0404215013759108      0.9639221876478703      0.6766843656301498          735.8766512687478           265.94469296481014
1.0380171691642268      0.9620239302791231      0.6798580567240714          733.8486182404752           265.7350785193869
1.035642920984596       0.9601159315282028      0.6830419597923758          731.8117902429608           265.5241381561736
1.0332986788368934      0.9581982299177574      0.6862360450625417          729.7662350518249           265.3118714949762
1.0309843681473287      0.9562708828813182      0.6894402529895307          727.7120406499687           265.09828022473147
1.0286999074005974      0.9543339310095824      0.6926545538008213          725.6492770843506           264.88336414663866
1.0264452185969222      0.952387415873037       0.695878917723894           723.5780154942959           264.6671231439243
1.0242202237365265      0.9504313980407366      0.699113285213709           721.498347256123            264.44955918782705
1.0220248448196336      0.9484659211294719      0.7023576264977456          719.4103457223495           264.23067234444915
1.0198590038464668      0.9464910478088621      0.7056118820309637          717.3141044964896           264.01046478028553
1.0177226228172487      0.9445068237233606      0.708876022040844           715.2096990999275           263.7889367450723
1.0156156237322027      0.9425133136217787      0.7121499869823456          713.0972253153409           263.56609060117586
1.0135379285915522      0.9405105833284044      0.7154337173104287          710.9767800189085           263.34192881793894
1.0114894593955204      0.9384986815330804      0.7187271832525732          708.8484419175915           263.1164519304742
1.0094701381443298      0.936477657870393       0.7220303550362587          706.7122907257013           262.8896605574734
1.0074798868382042      0.9344475994324624      0.7253431433439255          704.5684457017545           262.66155950717143
1.0055186274773666      0.9324085761827116      0.7286654886305333          702.4170079038337           262.43215165947817
1.0035862820620403      0.9303606224930304      0.7319973908960817          700.2580408104618           262.20143587231405
1.001682772592448       0.9283038285669334      0.7353387608230113          698.0916667352946           261.96941727508204
0.9998080210688134      0.926238249001923       0.7386895686388015          695.9179703838968           261.7360969752297
0.9979619494913592      0.9241639760847753      0.7420497250258922          693.7370760462625           261.50148032745557
0.9961444798603089      0.9220810663702861      0.7454192002117634          691.5490703254269           261.26556864125297
0.9943555341758854      0.919989595743831       0.7487979346513749          689.3540600663317           261.0283654029221
0.9925950344383121      0.9178896410707353      0.7521858687996864          687.1521530286317           260.7898742051574
0.990862902647812       0.9157812616954234      0.7555829728841781          684.9434385068098           260.55009664260825
0.9891590608046082      0.9136645733663501      0.7589891278147699          682.7280647478921           260.30904072299126
0.9874834309089241      0.9115396188197455      0.7624043335914612          680.5061034136273           260.066706142862
0.9858359349609827      0.9094064786615137      0.7658285306692123          678.2776657143078           259.8230969016252
0.9842164949610072      0.9072652715830691      0.769261599957943           676.0429024465234           259.5782213567379
0.9826250329092207      0.9051160615556121      0.7727035116851328          673.8019070785733           259.33208161887177
0.9810614661875605      0.9029589133621648      0.7761542360782623          671.5547738385159           259.0846798812805
0.9795257261156214      0.9007939485167444      0.7796136540472507          669.3016558761312           258.8360248477791
0.9780177299923082      0.8986212335807241      0.7830817358195783          667.0426489126784           258.5861189249837
0.9765373998178443      0.896440854575976       0.7865584218502042          664.77786876929             258.3349667547337
0.9750846575924528      0.8942528983703105      0.7900436525940895          662.5074319591995           258.08257308184426
0.9736594253163567      0.8920574901000439      0.793537308961153           660.2314944564102           257.82894708169636
0.9722616249897795      0.8898546996542781      0.7970393611788748          657.9501546939946           257.57409156601517
0.970891178612944       0.8876445976520985      0.8005497794747353          655.6635117302868           257.318009426881
0.9695480081860737      0.885427292972489       0.8040684745311737          653.3717040142836           257.0607079959165
0.9682320357093914      0.8832029141204422      0.8075953272581102          651.0748899534942           256.8021969108556
0.9669431831831206      0.88097155288185        0.8111302781105041          648.7731897154114           256.542481570425
0.9656813726074841      0.8787332641482261      0.8146733270883559          646.4666852343221           256.2815630821969
0.9644465259827053      0.8764881787397923      0.8182243551015855          644.1555364858016           256.0194514121474
0.9632385653090074      0.8742363906134965      0.8217833026051521          641.8398651511866           255.75615225438264
0.9620574125866135      0.8719779944187026      0.8253501100540159          639.5197933696203           255.49167140021416
0.9609029898157467      0.8697131232229266      0.828924658358097           637.1954824265885           255.22601916773618
0.9597752189966302      0.8674418353221977      0.832506947517395           634.8670165660774           254.95919713027385
0.9586740221294872      0.8651642651362891      0.8360968584418296          632.5345578384405           254.6912158165565
0.9575993212145408      0.8628805478047178      0.8396942720413209          630.1982685879465           254.42208588874246
0.9565510382520142      0.8605907434940369      0.8432991883158684          627.858234131607            254.15180920267724
0.9555290952421304      0.8582949885812055      0.8469114881753921          625.5146174155811           253.88039662575213
0.9545334141851127      0.8559933443504594      0.8505311716198921          623.167504386779            253.60785017891345
0.9535639170811845      0.8536859862374176      0.854158060014248           620.8170970713651           253.33418542920154
0.9526205259305685      0.8513729766339958      0.8577921533584594          618.4634818845437           253.05940458798526
0.9517031627334881      0.8490544542279849      0.8614333325624466          616.1068225993083           252.78351895091077
0.9508117494901664      0.8467305582691157      0.8650814785361289          613.747283066557            252.5065399388979
0.9499462082008268      0.8444013146866648      0.8687366508245469          611.384911768296            252.2284654928985
0.9491064608656921      0.8420669395863292      0.8723986112475394          609.0199497513416           251.94931628547425
0.9482924294849856      0.8397274977615374      0.8760673598051072          606.6524841692136           251.66909497252271
0.9475040360589304      0.8373830923660902      0.8797428369522093          604.2826407523926           251.38780881961358
0.94674120258775        0.8350338269592527      0.8834249831438064          601.9105452865513           251.10546517566993
0.9460038510716671      0.8326799194987006      0.8871135601997374          599.5364385129064           250.8220852090357
0.945291903510905       0.8303213603357836      0.890808687210083           597.1603311170539           250.53766274760224
0.9446052819056869      0.8279583681828306      0.8945101259946824          594.7824636023012           250.25221917286532
0.9439439082562361      0.8255909340203236      0.8982179956436158          592.402846799095            249.96574841972827
0.9433077045627756      0.8232193532833212      0.9019319388866425          590.0217971761161           249.6782813043666
0.9426965928255285      0.8208436175418453      0.9056520748138427          587.6393253848917           249.38981191584287
0.9421104950447181      0.818463870716352       0.9093782843351366          585.2555947298965           249.1003528373992
0.9415493332205676      0.8160802569842154      0.9131104483604431          582.870768198363            248.8099167598281
0.9410130293533         0.8136929207515796      0.9168484477996827          580.4850084257138           248.51851647965697
0.9405015054431385      0.811301930570575       0.920592282652855           578.0984017907249           248.22615558943056
0.9400146834903063      0.8089074312373646      0.9243418338298797          575.7111104082588           247.9328470441144
0.9395524854950266      0.8065095677057403      0.9280969822406768          573.3232959539735           247.63860389985632
0.9391148334575224      0.8041084090277255      0.9318577278852462          570.9350440531529           247.3434299572144
0.938701649378017       0.801704100424765       0.9356239516735076          568.546515710137            247.04733842304938
0.9383128552567337      0.7992967872051951      0.9393955345153808          566.1578714047329           246.7503426007401
0.9379483730938953      0.7968866147364831      0.9431723573207855          563.7692710595171           246.45245588826683
0.9376081248897251      0.7944736524473491      0.9469544200897219          561.3807988539443           246.1536823610651
0.9372920326444464      0.7920581217522366      0.9507414846420288          558.9926888768368           245.8540449864215
0.9370000183582823      0.789639940256566       0.9545337891578674          556.6048744110894           245.55352910194287
0.9367320025053354      0.7872193294214276      0.9583310954570767          554.2175886970755           245.25215779496847
0.9364879102804236      0.7847965105600485      0.962133165359497           551.8310638258806           244.9499542973247
0.9362676620148308      0.7823715530979821      0.9659399988651274          549.4453815434555           244.6469230080853
0.9360711797087803      0.779944526466441       0.9697515959739684          547.0606233263746           244.34306835304878
0.9358983853624954      0.777515651659068       0.9735677185058592          544.6770190191854           244.03841381282436
0.935749200976199       0.775084543413131       0.9773890810012816          542.2942036025036           243.7329067808214
0.9356235485501143      0.7726521800806185      0.9812142543792726          539.9131480238323           243.42666609179506
0.9355213500844646      0.7702180247696883      0.9850441913604736          537.5333379889098           243.11962015925283
0.9354425275794729      0.7677815417962199      0.9888798446655274          535.1542630871719           242.81169700030043
0.9353870030353626      0.7653428015132436      0.9927212142944337          532.7760062564338           242.50290088640713
0.9353546984523565      0.7628982485079179      0.996574016571045           530.3951210779611           242.19277569464873
0.9353455358306781      0.7607257743127308      1.0                         528.2817877171742           241.91666666666669
0.9353594371705505      0.7580464460311652      1.0042279938461434          525.678721444583            241.57548704463701
0.9353963244721966      0.7556006479102083      1.0080901923731744          523.3057489342704           241.26341236330688
0.9354561197358398      0.7531580184238086      1.0119500830433026          520.9389151820021           240.95113648605553
0.9355387449617032      0.7507156991321597      1.0158122815703337          518.5754498581122           240.63829212764236
0.93564412215001        0.7482733908150435      1.0196773649184934          516.2150687824179           240.32483791140544
0.9357721733009834      0.7458311592401539      1.0235453330877817          513.8578413658486           240.01077911598423
0.9359228204148463      0.7433887060611318      1.0274167630424245          511.5034859675993           239.69607409803697
0.9360959854918222      0.7409464609846446      1.0312910778181958          509.1524228992145           239.38077496917305
0.936291590532134       0.7385041257801318      1.0351688543793216          506.8043709513918           239.06483999412293
0.936509557536005       0.7360623105065657      1.0390492272794631          504.45992195552736          238.74834494852178
0.9367498085036583      0.7336207165690659      1.0429327734828462          502.1187939813554           238.43124808332414
0.9370122654353171      0.731179770893273       1.046818916025245           499.78140092711             238.11360182225448
0.9372968503312045      0.7287391749881694      1.0507082318708854          497.4474612854651           237.79536432389258
0.9376034851915438      0.7262994449007213      1.054599999814485           495.11747248016326          237.47659993980315
0.9379320920165579      0.7238605528472765      1.0584943640971005          492.7914109919548           237.15730227031295
0.9382825928064702      0.7214224710890004      1.0623914689597882          490.46925350872175          236.83746486906932
0.9386549095615038      0.7189855323303417      1.0662908816793788          488.1513194927577           236.51712866506696
0.9390489642818818      0.7165497977872082      1.0701926022558723          485.83766900711555          236.1962991239018
0.9394646789678274      0.7141153283205414      1.0740966306892687          483.5283614808621           235.87498170864836
0.9399019756195638      0.7116821844337825      1.078002966979568           481.2234557079225           235.55318187961413
0.9403607762373141      0.7092506953302494      1.081911178403601           478.9232642026516           235.2309407887867
0.9408410028213013      0.7068207406666939      1.0858215534434805          476.62767339119745          234.9082401655979
0.941342577371749       0.7043925584528665      1.0897338036170936          474.336908178405            234.58510932591858
0.94186542188888        0.7019662067112101      1.0936479289244403          472.05102279553086          234.2615538025515
0.9424094583729175      0.6995418323041044      1.0975637851244642          469.7701547074373           233.93759105851646
0.9429746088240847      0.6971195812255016      1.1014812279761088          467.49443980977725          233.61323858647123
0.9435607952426048      0.6946994650606586      1.1054003295999024          465.2238872321092           233.2884959714581
0.9441679396287009      0.6922816729865642      1.1093208736342604          462.9586723212316           232.96338670076895
0.9447959639825962      0.6898663042519902      1.1132427879586544          460.6988853664878           232.63792232943624
0.9454447903045139      0.6874533687630856      1.1171661446936128          458.44453273258057          232.31210243404868
0.9461143405946771      0.685043097532639       1.1210906553570226          456.1958268794536           231.98595653925946
0.9468045368533091      0.6826355875138924      1.1250162478283556          453.9528542518237           231.65949622271486
0.9475153010806326      0.6802308466621856      1.1289429942281402          451.71561804975545          231.33272105485733
0.9482465552768713      0.6778291030620395      1.1328706060742633          449.4843257975561           231.0056606119274
0.9489982214422482      0.675430319249267       1.1367992276077814          447.2589376445376           230.6783084464271
0.9497702215769863      0.6730347653542078      1.1407284982260535          445.0396986925522           230.35070016768822
0.950562477681309       0.6706423587209192      1.1446586342906642          442.8265264987056           230.02282329035535
0.9513749117554392      0.668253323605381       1.1485893473195006          440.6196223688213           229.6947074206315
0.9522074457996003      0.6658677514673823      1.1525205651920345          438.41906401704057          229.36636412321832
0.9530600018140152      0.6634856893125073      1.156452287908266           436.2248877561379           229.0377989255353
0.9539325017989073      0.6611072708054923      1.1603843712271384          434.03720930231526          228.7090293959877
0.9548248677544997      0.6587325414859196      1.164316815148652           431.8560627812547           228.38006103527766
0.9557370216810153      0.6563616766981041      1.168249403311222           429.6816010422486           228.05091743332446
0.9566688855786778      0.6539947202697056      1.1721821357148485          427.5138556441587           227.72160406857924
0.9576203814477098      0.6516317154916512      1.1761150123595314          425.35285742099904          227.39212639363575
0.9585914312883348      0.6492728779994729      1.1800477447631579          423.1987942438829           227.0625140188264
0.9595819571007759      0.6469182059597355      1.1839804050462561          421.0516546803662           226.7327663268479
0.9605918808852562      0.644567783430525       1.187912921088298           418.9115054549072           226.40289476397766
0.9616211246419988      0.6422217795963272      1.1918450765276987          416.7784901841751           226.07292286446392
0.9626696103712271      0.6398801905113762      1.1957769434849865          414.6525945158249           225.74284993897564
0.963737260073164       0.6375431404872544      1.199708377719105           412.53392030210557          225.4126934321781
0.9648239957480327      0.6352107098960321      1.2036393071095262          410.4225289849153           225.0824647156633
0.9659297393960564      0.6328830209059615      1.2075695874151933          408.31851932702926          224.75218119953212
0.9670544130174585      0.6305600667050871      1.2114992907566347          406.2218731089139           224.42184208662573
0.9681979386124618      0.6282420102867586      1.2154282007722657          404.1327250667007           224.0914708011578
0.9693602381812896      0.6259289282458326      1.219356245341558           402.0511313714944           223.76107862131914
0.9705412337241651      0.6236208539365775      1.2232834244645119          399.9771089556059           223.43067072921426
0.9717408472413114      0.621317862410341       1.2272096660205989          397.91071195489167          223.10025834257902
0.9729590007329516      0.6190200699980469      1.2311348257687627          395.8520310581092           222.76985872176652
0.9741956161993091      0.6167275496985648      1.235058831588475           393.80111759458777          222.43948302990788
0.9754506156406068      0.6144403315971931      1.2389816834797358          391.75798419550284          222.10913632507518
0.9767239210570678      0.6121585500174063      1.2429032011412247          389.7227362339161           221.77883881649078
0.9780154544489157      0.6098822332698862      1.2468233845729415          387.6953840171845           221.44859549705964
0.9793251378163732      0.6076114508473763      1.2507421616543581          385.6759742934974           221.118417399001
0.9806528931596636      0.6053463129905299      1.2546593881444181          383.6645895935519           220.78832159815377
0.9819986424790104      0.6030868247448681      1.2585751001033856          381.6612186572485           220.45830994183143
0.9833623077746362      0.6008331152196035      1.26248911722994            379.66595994731296          220.12840247479534
0.9847438110467646      0.5985852292876065      1.2664014034638171          377.6788368287453           219.79860704923314
0.9861430742956183      0.5963432110824848      1.270311922744753           375.69987177258224          219.4689314784434
0.9875600195214208      0.5941071246076081      1.2742206029522194          373.7291045110702           219.13938657689877
0.9889945687243953      0.5918770535115677      1.278127335905424           371.7665917089412           218.80998616074177
0.9904466439047649      0.589653059828399       1.2820320494838384          369.8123706062069           218.48074096634002
0.9919161670627525      0.5874352046746903      1.2859346715669346          367.86647730709353          218.15166168950657
0.9934030601985817      0.585223507402016       1.2898352021547126          365.9289110288809           217.82275290328135
0.9949072453124752      0.5830180683267729      1.2937334970061158          363.9997416529341           217.4940313018652
0.9964286444046566      0.5808189254868013      1.2976295200608803          362.0789841745173           217.16550441485424
0.9979671794753489      0.5786261567613804      1.3015231631382136          360.1666881051413           216.83718581019596
0.9995227725247751      0.5764397782172089      1.3054144262381158          358.262848759726            216.5090798902335
1.0010953455531582      0.5742598861482029      1.3093031651195304          356.3675310681607           216.18120317543088
1.002684820560722       0.572086494988967       1.3131893797824574          354.4807284406529           215.85355997954014
1.0042911195476891      0.5699196588370627      1.3170729981063687          352.6024685653754           215.52616065232343
1.0059141645142828      0.5677594509339012      1.3209539119104718          350.7327954020269           215.1990185372968
1.0075538774607264      0.5656059034266823      1.3248320851345028          348.8717170390581           214.87214085183294
1.0092101803872433      0.5634590477535633      1.3287074817181974          347.0192407852294           214.54553476762064
1.0108829952940561      0.5613189743601634      1.3325799574204993          345.17542458529283          214.21921652585843
1.012572244181388       0.5591856929881307      1.3364495122414084          343.3402565378411           213.89319016440055
1.0142778490494624      0.5570592524883389      1.3403160740603965          341.5137582593658           213.56746575127232
1.0159997318985026      0.5549397008230992      1.3441795707569355          339.6959503512977           213.2420533057172
1.0177378355445637      0.5528270259394822      1.3480400383912894          337.8868018131857           212.91695368837964
1.0194920405479286      0.5507213727769468      1.3518972245416094          336.08641584035865          212.59219200408026
1.021262289531999       0.5486227275218251      1.3557511652681598          334.2947594479472           212.2677690137329
1.0230485044969977      0.5465311151988694      1.3596018245106762          332.51183280856463          211.94369150426584
1.024850607443148       0.5444465991855436      1.3634490940883666          330.73766858654113          211.61997228224533
1.026668520370673       0.5423691834027752      1.3672929740012307          328.9722486330009           211.2966150008696
1.0285021652797957      0.5402989295472865      1.3711333560684764          327.2156037703027           210.97363236483415
1.0303514641707396      0.5382358595291489      1.3749702042298395          325.46773082420276          210.65103096085898
1.0322163390437278      0.5361800139173291      1.3788034463647918          323.7286422851959           210.32882035744606
1.0340967118989832      0.5341314131653693      1.3826330464130692          321.99833346352256          210.0070070408385
1.0359925047367293      0.5320900962957367      1.3864589322541434          320.27681521887285          209.68560047701925
1.037903639557189       0.530056101489786       1.3902810317674863          318.5640975095151           209.3646100790203
1.0398300383605856      0.528029427862486       1.3940993449530978          316.86015728502616          209.04403915260232
1.0417716231471423      0.5260101312926082      1.3979137636301857          315.16501912332456          208.72390003592346
1.043728315917082       0.5239982286026574      1.4017242517384858          313.4786746129396           208.40419895955696
1.045700038670628       0.5219937359946613      1.405530773217734           311.8011147470165           208.08494210432747
1.047686713408004       0.5199967068826976      1.409333219887138           310.1323615171097           207.76614164687737
1.0496882621294321      0.5180071370785853      1.4131315917466978          308.47238862920034          207.44780064017903
1.051704606835136       0.5160250408045337      1.4169258527361492          306.82118514732383          207.1299251123137
1.053735669525339       0.5140504692079075      1.4207158946747             305.17877076476134          206.81252708012678
1.055781372200264       0.5120834350160114      1.4245016815020861          303.5451330426071           206.49561246482486
1.0578416368601347      0.5101239503688448      1.4282831771580433          301.920259003504            206.17918713758195
1.0599163855051734      0.5081720268249549      1.4320603455823075          300.30413514073024          205.8632569196103
1.0620055401356039      0.5062277124844533      1.4358330785940865          298.6967780883138           205.54783361063147
1.0641090227516492      0.5042909989476179      1.4396013761933801          297.0981576500933           205.2329199112615
1.0662267553535323      0.5023618959109379      1.4433652023199244          295.50825859023456          204.91852148902748
1.0683586599414765      0.5004404309186705      1.447124484853191           293.92708031492367          204.60464697175354
1.070504658515705       0.4985266307590684      1.4508791516726518          292.3546214865626           204.2913049318707
1.0726646730764409      0.4966204848623453      1.4546292027783068          290.79085002470606          203.97849787184109
1.0748386256239073      0.4947220188280588      1.4583745660496277          289.2357635235365           203.66623426170526
1.0770264381583274      0.4928312393155043      1.4621152054263504          287.68934398720825          203.35451951174835
1.0792280326799246      0.4909481706064003      1.4658510487879468          286.15158778419635          203.04336198539468
1.0814433311889216      0.4890728000563858      1.4695820961344168          284.6224610944627           202.7327639881747
1.083672255685542       0.4872051688551083      1.4733082392849681          283.1019739739624           202.42273678114222
1.0859147281700086      0.4853452452828117      1.4770295142998648          281.5900770714425           202.11327957163297
1.088170670642545       0.4834930693104055      1.4807458129983146          280.0867793554899           201.8044035159422
1.0904400051033738      0.481648644211058       1.4844570993200534          278.5920598993847           201.49611371899195
1.0927226535527184      0.4798119549212345      1.4881633732650812          277.10588295497115          201.18841224379338
1.0950185379908022      0.4779830216825428      1.4918645627128697          275.62824137174607          200.88130709385885
1.097327580417848       0.4761618463099352      1.4955606316031549          274.15911306748944          200.57480322777778
1.0996497028340793      0.4743484478360070      1.4992515078154085          272.69848983058966          200.26890854342355
1.1019848272397188      0.4725428093402982      1.5029371913496306          271.24633448580283          199.96362491134005
1.1043328756349902      0.4707449312340203      1.506617646145557           269.8026238706389           199.65895714520508
1.106693770020116       0.4689548310113288      1.5102928000826594          268.36734853016156          199.35491299312073
1.10906743239532        0.4671725080250407      1.513962617100674           266.94048443541357          199.0514971675865
1.1114537847608252      0.4653979437470901      1.5176270971996004          265.52199330266245          198.7487113548164
1.1138527491168548      0.4636311541875618      1.5212861682589107          264.11186450774045          198.44656315458786
1.1162642474636315      0.4618721460537273      1.5249397761882086          262.710079965654            198.14505862449093
1.118688201801379       0.4601209082406948      1.5285879029573621          261.31660742183806          197.84420079830718
1.1211245341303204      0.4583774293251134      1.5322305305362391          259.93141444837204          197.54399266681756
1.1235731664506785      0.4566417147545140      1.5358676048344435          258.5544820718751           197.2444401470837
1.1260340207626767      0.4549137609004993      1.5394990897917111          257.1857841356294           196.9455476223417
1.128507019066538       0.4531935637324186      1.5431249493477779          255.82529420927446          196.6473194296334
1.130992083362486       0.4514811188232075      1.5467451474423797          254.4729855961469           196.3497598600284
1.1334891356507435      0.4497764128642922      1.5503596660453844          253.12882465053065          196.0528716784105
1.1359980979315334      0.4480794491944208      1.553968451066396           251.79279091469402          195.75666056709434
1.1385188922050795      0.446390230672607       1.5575714484150183          250.46486356636763          195.4611321589886
1.1410514404716046      0.4447087260220276      1.5611686761213832          249.14499502427728          195.1662861285033
1.1435956647313315      0.4430349458515558      1.5647600620649627          247.83317068732165          194.87212949915468
1.146151486984484       0.4413688834766347      1.5683455701854925          246.52936241033157          194.57866629107193
1.148718829231285       0.4397105151754468      1.5719252004829727          245.23352880656654          194.28589753185386
1.1512976134719577      0.4380598337061614      1.5754989168971392          243.9456414789671           193.99382715972962
1.1538877617067254      0.4364168480627359      1.5790666473074637          242.66568473335505          193.70246201301438
1.156489195935811       0.4347815253712822      1.5826284097440784          241.39361032052105          193.41180152364194
1.1591018381594378      0.4331538656856746      1.586184150116587           240.1293957315476           193.12185097234018
1.1617256103778284      0.4315338604152495      1.5897338323647254          238.873011789014            192.83261412383092
1.164360434591207       0.4299214924543267      1.5932774384583617          237.62442279780217          192.54409323264176
1.1670062327997963      0.4283167526446473      1.5968149323372316          236.3835993141867           192.25629198167007
1.169662927003819       0.4267196315149497      1.600346277941071           235.15051172711145          191.96921401162828
1.172330439203499       0.4246263816596725      1.604990839958191           233.53717247421798          191.59198042556525
1.175008691399059       0.8673640895340994      0.6649128471016884          664.0853731160454           266.7164466688207
1.177697605590722       0.8689242197498164      0.6619656504541636          665.758263597291            266.9082406657779
1.1803971037787115      0.8704652172899127      0.6590489706397057          667.4118184367527           267.09747987008
1.183107107963251       0.871987498042052       0.6561621228903531          669.0464394707416           267.2842233375565
1.1858275401445626      0.8734914842621981      0.6533044075518848          670.6625372492938           267.4685305560074
1.1885583223228706      0.8749775653717161      0.6504751845151184          672.2604888467708           267.6504566539851
1.1912993764983975      0.876446121587442       0.6476738285571335          673.8406631342309           267.83005531875597
1.1940506246713667      0.8778975161569997      0.6448997442275284          675.4034123438831           268.0073778621842
1.196811988842001       0.8793320876901735      0.6421523807346821          676.9490637065342           268.18247230340796
1.199583391010524       0.8807501968358958      0.6394311426281928          678.4779696707608           268.35538907968436
1.2023647531771586      0.8821521331866962      0.6367355684339999          679.9904074808941           268.5261697052009
1.2051559973421286      0.8835382394299895      0.6340650924742222          681.4867129665076           268.6948619212327
1.207957045505656       0.8849088029130813      0.6314192532747984          682.9671635282623           268.86150649354255
1.210767819667965       0.8862641099584777      0.6287975893616676          684.4320366486777           269.0261438446125
1.2135882418292783      0.8876044534962474      0.6261996243745089          685.8816181203989           269.18881498545915
1.2164182339898186      0.8889300946642813      0.623624941498041           687.3161604762307           269.3495568631401
1.21925771814981        0.8902412936483423      0.6210731239169835          688.7359162662744           269.5084061175073
1.2221066163094754      0.8915383096480868      0.6185437548160553          690.1411379964469           269.6653990821702
1.2249648504690374      0.892821393234724       0.6160364322662353          691.5320698171937           269.82057086560803
1.2278323426287194      0.8940907712095386      0.613550798997283           692.9089310480674           269.9739535311125
1.230709014788745       0.8953466771241125      0.6110864828526972          694.2719492182567           270.12557979612706
1.233594788949337       0.8965893360483802      0.6086431265622376          695.6213435245966           270.27548119586754
1.2364895871107184      0.897818964622517       0.6062203877419234          696.9573248451139           270.423688097439
1.2393933312731131      0.8990357711101745      0.6038179388940335          698.2800957554364           270.5702297138337
1.2423059434367434      0.9002399629691743      0.6014354525208472          699.5898587252574           270.7151350219002
1.245227345601833       0.9014317393283667      0.5990726160109041          700.8868079118924           270.8584318616139
1.248157459768605       0.9026112910443675      0.5967291316390038          702.1711291837895           271.000146949827
1.2510962079372816      0.9037788082285767      0.5944047016799447          703.4430082854357           271.1403067902261
1.2540435121080875      0.9049344653204497      0.5920990581810475          704.702614548781            271.27893588647675
1.2569992942812447      0.9060784509771809      0.5898119034171104          705.9501334403618           271.4160603333389
1.2599634764569771      0.9072109307879289      0.5875429843217133          707.1857258977162           271.55170334842455
1.2629359806355076      0.9083320771182033      0.5852920329421758          708.4095608409913           271.6858888555363
1.265916728817059       0.9094420542334054      0.5830587962120772          709.6217989294595           271.8186397053343
1.2689056430018546      0.9105410183615525      0.5808430359512569          710.8225925979082           271.9499776885352
1.2719026451901183      0.9116291324761998      0.5786444990932942          712.0121021898443           272.07992530623096
1.2749076573820726      0.9127065515158855      0.5764629474580287          713.1904797960395           272.2085040056968
1.2779206015779403      0.913773415120181       0.5742981726378202          714.3578612740748           272.3357333197529
1.2809413997779457      0.9148298697116942      0.572149951338768           715.514390379873            272.4616335055814
1.2839699739823107      0.9158760611083029      0.5700180602669715          716.6602106833822           272.58622466410657
1.2870062461912593      0.916912134511365       0.5679022761285304          717.7954655457934           272.7095267405244
1.290050138405014       0.9179382126956869      0.5658024202883243          718.9202741958709           272.83155693322664
1.2931015726237989      0.9189544324856005      0.5637182843387127          720.0347716800046           272.95233403797613
1.296160470847836       0.9199609301186835      0.5616496598720553          721.1390928268635           273.0718767060062
1.29922675507735        0.9209578304063938      0.5595963608101011          722.2333603380257           273.1902021595738
1.302300347312562       0.9219452504430267      0.5575582159608601          723.3176888277231           273.3073266375538
1.305381169553697       0.9229233212400904      0.555535024359822           724.392208571137            273.42326796339813
1.3084691438009772      0.9238921588697948      0.5535266148149965          725.4570338082967           273.5380421237289
1.3115641920546264      0.9248518753480531      0.5515328235775232          726.512274672063            273.65166456321134
1.3146662363148671      0.9258025929497156      0.5495534645691512          727.5580529229518           273.7641518804267
1.3177751985819222      0.9267444191407783      0.5475883814841507          728.5944743753707           273.8755188620215
1.3208910008560162      0.9276774609482561      0.5456374180167911          729.6216446816156           273.98578018679
1.3240135651373712      0.9286018320492179      0.5437004029750825          730.6396771346031           274.09495126384394
1.3271428134262102      0.9295176385254046      0.5417771800532937          731.648676979124            274.20304655037074
1.3302786677227572      0.9304249789334698      0.5398676078319549          732.6487414676433           274.31007956357644
1.3334210500272348      0.9313239584758176      0.5379715300053356          733.6399754674635           274.4160645544001
1.3365698823398664      0.9322146748480148      0.5360888051539658          734.6224758563018           274.52101483908007
1.3397250866608748      0.9330972288390674      0.5342192844152454          735.5963432011412           274.6249440505131
1.3428865849904836      0.9339717137808994      0.5323628338128328          736.5616701115888           274.7278648967057
1.3460542993289157      0.9348382295978959      0.530519304484129           737.5185567378777           274.82979081622045
1.349228151676394       0.9356968618031833      0.5286885773390531          738.4670875731291           274.93073350826626
1.3524080640331426      0.9365477025226114      0.5268705184012652          739.4073546580576           275.0307054077328
1.3555939583993837      0.9373908504142509      0.5250649788081647          740.3394575014911           275.1297196743506
1.358785756775341       0.9382263828728433      0.5232718543559312          741.263472344857            275.22778692986265
1.3619833811612372      0.939054390820962       0.5214910110682252          742.1794906126187           275.32491934561494
1.3651867535572957      0.9398749647565199      0.5197223149687051          743.0876034916181           275.421129003563
1.3683957959637396      0.9406881775392946      0.5179656692966818          743.987882866904            275.516425880445
1.3716104303807923      0.9414941189188885      0.5162209400758149          744.8804195291228           275.6108218968233
1.374830578808677       0.9422928679280496      0.5144880156591536          745.7652926148584           275.70432768165017
1.3780561632476165      0.9430845032498417      0.5127667843997479          746.6425810740484           275.7969537887949
1.3812871056978338      0.9438691066262973      0.5110571272075175          747.5123674456822           275.888711096256
1.3845233281595528      0.9446467560086572      0.5093589324355124          748.3747302632338           275.9796100053761
1.387764752632996       0.9454175187968153      0.5076721107661721          749.2297365440764           276.0696596528441
1.391011301118387       0.9461814824563912      0.5059965282231567          750.0774757477134           276.15887148866375
1.3942628956159486      0.9469387069387283      0.5043321103751657          750.9180069859372           276.2472537188638
1.3975194581259043      0.9476892789760312      0.5026787232458592          751.7514192685376           276.3348176464297
1.4007809106484768      0.9484332578987847      0.5010362924039363          752.5777713567218           276.42157134774567
1.4040471751838894      0.9491707196138353      0.49940470620244737         753.3971405829748           276.5075248051849
1.407318173732366       0.9499017329460823      0.49778386788070195         754.2095965792031           276.5926871475138
1.4105938282941286      0.9506263664012247      0.49617368067800993         755.0152087817867           276.67706743957035
1.4138740608694014      0.9513446881635239      0.49457404783368103         755.8140464262357           276.76067468252336
1.4171587934584067      0.9520567594307128      0.49298488747328517         756.6061711288583           276.8435170391405
1.420447948061368       0.9527626511056115      0.49140609539300195         757.3916554494225           276.9256037766168
1.4237414466785085      0.9534624271005047      0.4898375822752714          758.1705643186693           277.00694332425144
1.4270392113100516      0.9541561510272182      0.48827925880253314         758.9429624745936           277.0875440527607
1.4303411639562205      0.9548438828926011      0.48673104310035703         759.7089107790548           277.1674138910433
1.433647226617237       0.9555256824281472      0.48519285329431294         760.4684699199397           277.24656071388404
1.4369573212933262      0.9562016156651336      0.48366459262371064         761.2217077370146           277.3249931051584
1.44027136998471        0.9568717417365133      0.48214617921411984         761.9686845161825           277.40271882615394
1.4435892946916122      0.9575361194951385      0.48063753119111047         762.7094603571019           277.4797455847466
1.4469110174142557      0.9581948075123045      0.47913856668025256         763.4440951693562           277.55608103562656
1.4502364601528637      0.9588478608162506      0.4776492112502455          764.1726450312353           277.63173240294304
1.453565544907659       0.9594953374322669      0.47616938302665934         764.8951694818229           277.7067072386117
1.4568981936788654      0.9601372951001754      0.47469900013506416         765.611727859406            277.7810130420423
1.4602343284667059      0.9607737880341349      0.47323798814415935         766.3223756812122           277.8546568856834
1.463573871271403       0.961404870188636       0.4717862726226447          767.0271682845471           277.92764579378394
1.4669167440931807      0.9620305952573868      0.47034377913922076         767.726160823648            277.99998674260104
1.4702628689322617      0.962651019890573       0.4689104258194565          768.4194118631801           278.0716870324671
1.4736121677888694      0.963266190813872       0.4674861531183123          769.1069689824735           278.142752799651
1.4769645626632264      0.9638761641580136      0.4660708791613579          769.7888903722153           278.2131912505251
1.480319975555557       0.9644809925641014      0.464664529517293           770.4652304252955           278.2830091715452
1.4836783284660833      0.9650807220265192      0.4632670446410775          771.1360361987794           278.3522125660365
1.487039543395029       0.9656754015123982      0.4618783575445413          771.8013581668608           278.42080776524165
1.490403542342617       0.9662650861037932      0.4604983863532543          772.4612537404552           278.48880179015623
1.4937702473090702      0.9668498210772132      0.45912707152217624         773.1157694516835           278.5562005157575
1.4971395802946124      0.9674296546592884      0.4577643460631369          773.7649552223677           278.6230101427541
1.5005114632994665      0.9680046348353851      0.4564101429879665          774.4088607924369           278.6892368296663
1.5038858183238557      0.9685748061988885      0.4550644027516245          775.0475321887498           278.75488633038054
1.5072625673680031      0.969140216271187       0.45372705836594107         775.6810188012308           278.81996472234334
1.5106416324321317      0.9697009123308717      0.4523980428427456          776.3093698317664           278.8844780414051
1.5140229355164645      0.9702569382831983      0.4510772966369987          776.932630783262            278.9484319220603
1.5174063986212252      0.9708083378164779      0.4497647602036595          777.5508469934946           279.0118319611695
1.5207919437466366      0.9713551575185777      0.44846036655455823         778.1640671291316           279.0746840763394
1.5241794928929224      0.9718974375124754      0.4471640635877848          778.7723326832405           279.13699342972893
1.5275689680603053      0.9724352239369918      0.44587578431516883         779.375691970262            279.19876586282226
1.5309602912490081      0.9729685564917642      0.44459547663480037         779.9741861541987           279.260006465528
1.5343533844592545      0.973497480865436       0.4433230735585094          780.567863190926            279.32072100395
1.5377481696912676      0.9740220332489127      0.4420585304275154          781.1567604462253           279.3809141425958
1.5411445689452703      0.9745422588993249      0.4408017802536488          781.7409255312191           279.440591575514
1.5445425042214862      0.9750581966859433      0.439552770934999           782.3203989533203           279.49975825282394
1.5479418975201378      0.9755698883493958      0.438311442926526           782.8952245104607           279.5584194433642
1.551342670841449       0.9760773692937837      0.43707775156944995         783.4654389463961           279.61657967921496
1.5547447461856425      0.9765806839112962      0.43585162987560033         784.0310891668244           279.674244512447
1.5581480455529417      0.977079865688726       0.4346330369077622          784.5922098847894           279.7314182355273
1.5615524909435696      0.9775749570752087      0.43342190939933056         785.1488459470972           279.788106157885
1.5649580043577498      0.9780659942213079      0.43221819896996017         785.7010351805599           279.84431285790663
1.5683645077957042      0.9785530130959291      0.43102185723930597         786.2488152648369           279.90004288402184
1.5717719232576568      0.9790360509964994      0.42983283210545775         786.7922254305954           279.95530092759566
1.5751801727438313      0.9795151480404495      0.4286510640233754          787.331308138643            280.0100919933773
1.5785891782544506      0.9799903366056306      0.4274765120558441          787.8660971970947           280.0644201920596
1.581998861789737       0.9804616519149326      0.4263091278225184          788.396629667856            280.11828995130196
1.5854092266640212      0.9809291439883646      0.4251488257274031          788.9229593266689           280.1717073808707
1.588820113586452       0.9813928326447422      0.4239955946058035          789.4451060020706           280.2246751308735
1.5922314445516736      0.9818527540536954      0.42284938235580927         789.9631079782631           280.2771977122126
1.5956431415543295      0.98230894419102        0.4217101368755102          790.4770033726601           280.32927960546283
1.5990551265890653      0.9827614328962514      0.42057782094925644         790.9868234390523           280.3809245828699
1.6024673216505232      0.983210254311975       0.4194523861967028          791.4926043258565           280.4321369004271
1.6058796487333478      0.9836554423995502      0.418333784237504           791.994382025211            280.4829207858389
1.6092920298321838      0.9840970309393264      0.41722196669131517         792.4921923724182           280.53328043867936
1.6127043869416744      0.9845350505836328      0.416116892620921           792.986067722049            280.5832196945752
1.6161166420564645      0.9849695347694376      0.4150185136459767          793.4760436126373           280.6327426996227
1.619528717171197       0.9854005138180166      0.41392678882926703         793.9621521132226           280.68185323780307
1.6229405342805172      0.9858280178942861      0.4128416772335767          794.444425158472            280.73055506862966
1.626352015379068       0.9862520799304484      0.41176313047856083         794.922897847063            280.7788522601974
1.6297630824614946      0.9866727283026138      0.4106911113485693          795.3976001786826           280.8267483551158
1.6331736575224405      0.987089994154588       0.409625575184822           795.8685653161317           280.8742472048475
1.6365836625565489      0.9875039084628255      0.40856647732853885         796.3358262738651           280.92135263541354
1.6399930195584649      0.9879144991365516      0.40751378056406967         796.7994126428762           280.968068117608
1.6434016505228326      0.9883217968358274      0.4064674402326345          797.2593571579771           281.0143974292272
1.6468094774442956      0.9887258291655789      0.40542741911858304         797.7156891418251           281.0603439945887
1.6502164223174978      0.9891266264705012      0.40439367256313563         798.1684410482522           281.10591154379324
1.6536224071370835      0.9895242131750108      0.40336617079377174         798.6176386793103           281.15110312819996
1.6570273538976967      0.9899186221982228      0.4023448617085815          799.0633174695607           281.1959227591968
1.6604311845939814      0.9903098776737213      0.4013297155350446          799.5055029621216           281.24037344414114
1.6638338212205823      0.9906980093360384      0.40032068761438144         799.94422706339             281.2844588214928
1.6672351857721426      0.991083042473315       0.3993177444525063          800.3795166879394           281.3281820193236
1.6706352002433065      0.9914650050923303      0.39832084511220445         800.8114018563153           281.3715464693324
1.6740337866287176      0.9918439222038775      0.3973299560993909          801.2399092339936           281.4145552579946
1.6774308669230213      0.9922198215267631      0.39634503647685054         801.6650685803658           281.4572117742268
1.6808263631208606      0.9925927292117805      0.395366049028933           802.0869079131963           281.4995192240297
1.6842201972168793      0.9929626712693577      0.3943929565399885          802.5054551222353           281.541480792671
1.6876122912057223      0.9933296707484562      0.39342572923749686         802.9207347762589           281.58309932488294
1.6910025670820332      0.9936937533961728      0.39246432990580793         803.332774525793            281.62437796689227
1.694390946840456       0.9940549448201763      0.3915087213292717          803.7416018929748           281.66531984453354
1.6977773524756354      0.9944132704890999      0.3905588662922383          804.147244271519            281.70592806337055
1.7011617059822144      0.9947687543330525      0.38961473130062224         804.5497273416156           281.74620555022335
1.7045439293548375      0.9951214201546423      0.3886762828603386          804.9490766662618           281.7861552132343
1.7079239445881487      0.9954712902347471      0.3877434911988675          805.3453161117078           281.82577978405124
1.7113016736767923      0.9958183909136749      0.3868163153789937          805.7384741681079           281.8650824499574
1.714677038615412       0.9961627442162609      0.38589472562819715         806.128574464241            281.90406590543955
1.718049961398652       0.9965043720517731      0.38497869217395786         806.5156405226473           281.9427328280629
1.7214203640211563      0.9968433003661427      0.38406817407906046         806.899700464708            281.9810863483561
1.7247881684775692      0.9971795494334036      0.3831631452925503          807.2807760098602           282.0191289510993
1.7281532967625348      0.997513142180979       0.382263572320342           807.6588919080159           282.05686341764647
1.7315156708706965      0.9978441014115921      0.38136942166835064         808.0340727917995           282.09429251152
1.7348752127966984      0.9981724470564276      0.38048066728562113         808.4063400616833           282.13141866791705
1.738231844535185       0.9984982030564925      0.3795972719565033          808.7757196869616           282.1682447719237
1.7415854880808002      0.9988213904819971      0.3787192059084772          809.1422344048862           282.2047733805025
1.7449360654281887      0.99914202892428        0.37784644309058785         809.5059052971155           282.2410068801318
1.7482834985719928      0.9994601419625594      0.37697894628718503         809.8667579900095           282.2769481045962
1.7516277095068582      0.9997757489608609      0.3761166894473136          810.2248133502935           282.3125994080598
1.7549686202274284      1.0000888705398656      0.37525964279845353         810.5800936907475           282.3479632834904
1.758306152728347       1.0003995272087667      0.37440777656808494         810.9326212182169           282.38304220809164
1.7616402290042588      1.0007077393656454      0.3735610609836875          811.2824180337177           282.41783864339686
1.7649707710498077      1.0010135259468866      0.3727194699943066          811.629504599025            282.45235488288444
1.7682977008596368      1.0013169098339136      0.37188296638429164         811.9739058735272           282.486593662295
1.7716209404283914      1.0016179070482556      0.3710515315458178          812.3156390487225           282.5205569401923
1.7749404117507146      1.0019165375621086      0.37022513570636517         812.6547258191431           282.5542471181885
1.7782560368212517      1.0022128239208312      0.3694037416502832          812.9911908204261           282.5876668852164
1.7815677376346453      1.0025067805089511      0.3685873344913124          813.3250494390495           282.6208180068852
1.7848754361855397      1.0027984283231102      0.36777588073536743         813.6563245878673           282.65370299191375
1.7881790544685798      1.0030877855743376      0.36696935433149336         813.9850360337966           282.68632403213996
1.791478514478409       1.003374871707238       0.36616772550717            814.3112049623829           282.71868345581794
1.7947737382096716      1.0036597034007755      0.36537097193300727         814.6348494339665           282.7507832768692
1.798064647657011       1.0039422998998384      0.3645790638364851          814.955990440803            282.7826257958806
1.8013511648150724      1.0042226790184146      0.3637919751666486          815.2746473657827           282.8142131496495
1.8046332116784993      1.0045008571517458      0.36300968359410746         815.5908379951402           282.84554731271925
1.8079107102419352      1.00477685324794        0.36223215934634206         815.9045830324533           282.8766305447954
1.8111835825000244      1.0050506821973049      0.36145938381552695         816.2158985839886           282.9074646462148
1.8144517504474118      1.0053223653894363      0.3606913197860121          816.5248081602982           282.9380521468234
1.8177151360787405      1.0055919149005073      0.35992795609310263         816.8313246977362           282.9683945255663
1.8209736613886545      1.0058593506127236      0.35916925924271326         817.1354700230075           282.9984941379814
1.824227248371798       1.0061246896788714      0.35841520318388936         817.437262874222            283.0283530300533
1.8274758190228158      1.0063879465455217      0.35766576930880545         817.7367189254682           283.0579729410959
1.830719295336351       1.0066491368876482      0.3569209352880717          818.0338552613949           283.08735574661046
1.8339575993070476      1.0069082802010096      0.35618066762760275         818.3286933273954           283.11650374976614
1.8371906529295507      1.007165389373451       0.35544495144113897         818.6212470646948           283.1454185083632
1.8404183781985028      1.0074204811188219      0.354713760677725           818.9115347804768           283.1741020085685
1.8436406971085502      1.0076735707638838      0.353987073007971           819.1995732166881           283.2025560785641
1.8468575316543343      1.0079246748454034      0.3532648623809218          819.4853805052585           283.23078268060624
1.850068803830501       1.0081738072275739      0.35254711018875245         819.7689717488186           283.258783474605
1.8532744356316933      1.0084209842781555      0.3518337903805076          820.0503649120034           283.28656040000396
1.8564743490525555      1.0086662209880977      0.3511248806267977          820.329576404533            283.3141152396276
1.8596684660877327      1.0089095309827338      0.3504203623197973          820.6066210930554           283.3414496210749
1.862856708731868       1.0091509303789834      0.3497202094085515          820.881516692894            283.3685654500908
1.8660389989796042      1.0093904326446168      0.34902440328523515         821.1542779143825           283.3954643330633
1.869215258825588       1.0096280524533194      0.34833292162045837         821.4249208523235           283.42214801013324
1.872385410264462       1.009863804398714       0.347645742084831           821.6934615216093           283.4486182107394
1.8755493752908694      1.0100977029947265      0.346962842348963           821.9599158574671           283.4748766536866
1.878707075899456       1.0103297601328856      0.3462842075265944          822.2242968182754           283.5009247617764
1.8818584340848648      1.0105599927202005      0.345609807845205           822.486623087046            283.5267645191946
1.88500337184174        1.010788411231469       0.3449396321400999          822.746906028668            283.55239718659584
1.8881418111647255      1.0110150324146694      0.34427365063875903         823.0051641662259           283.57782472709687
1.8912736740484661      1.0112398666068902      0.3436118521764874          823.2614087273522           283.60304838291825
1.8943988824876044      1.011462930398513       0.34295420698076484         823.5156580762085           283.62807009636674
1.897517358476786       1.0116842327308768      0.3423007076084614          823.7679218684702           283.6528909502312
1.9006290240106543      1.011903790044246       0.3416513242870569          824.0182183169156           283.6775128669975
1.903733801083853       1.0121216149204983      0.3410060384087264          824.2665612459596           283.701937334917
1.9068316116910262      1.0123377186200841      0.34036483508720994         824.5129629824129           283.7261656927156
1.9099223778268186      1.0125521135948095      0.33972769571468214         824.757437220182            283.75019941137026
1.9130060214858737      1.0127648147275496      0.3390945942401885          825.0000004345737           283.7740402329848